100
4
2 3 4 1
4
3 3 4 1
4
3 3 4 3
10
7 8 10 10 9 2 9 6 3 3
10
2 3 1 10 3 5 6 7 8 9
573
566 468 556 560 303 519 150 567 125 249 507 170 450 162 199 1 448 290 228 109 491 415 100 289 438 503 292 375 20 242 546 536 235 370 107 284 408 341 288 342 340 207 168 22 508 102 517 287 420 193 276 17 521 392 93 367 72 338 9 134 505 108 460 264 487 99 166 223 413 488 331 57 291 512 439 395 275 142 46 195 64 501 463 449 459 304 241 285 483 422 562 404 66 232 61 126 416 82 335 178 485 234 177 79 130 297 305 549 351 527 421 217 247 184 179 68 446 35 476 273 92 24 364 131 538 226 472 219 186 484 252 326 194 26 10 470 121 204 198 233 300 78 466 490 173 529 435 88 266 59 334 301 387 385 156 155 11 384 427 475 382 561 329 520 506 127 187 323 365 474 153 213 328 455 425 246 262 23 356 368 237 492 494 148 337 129 143 176 188 154 83 74 559 509 135 299 227 81 524 36 202 175 563 312 378 8 245 462 29 189 5 169 442 568 499 429 443 557 62 486 551 250 547 419 430 321 251 158 544 239 467 437 265 293 469 553 151 41 101 456 500 240 160 18 183 164 523 309 379 19 221 277 409 457 45 317 418 411 87 105 32 171 336 139 347 348 555 313 112 33 401 339 424 539 2 366 410 196 444 346 85 272 453 27 316 514 426 327 318 371 152 454 477 31 357 75 432 123 389 393 86 52 180 146 118 554 133 440 244 294 498 261 345 39 396 543 21 406 53 428 325 243 222 434 110 480 314 42 4 332 390 278 572 515 55 220 214 65 282 211 208 138 397 136 54 174 381 510 330 363 218 399 270 115 12 533 295 224 569 38 526 95 63 333 386 15 362 238 48 60 423 43 37 311 71 90 165 98 550 525 473 464 201 471 283 25 89 355 541 34 496 307 203 402 537 511 269 451 398 14 13 394 144 230 147 380 30 114 320 124 260 373 149 106 44 120 274 257 530 376 206 558 377 461 91 571 159 141 216 200 310 535 205 350 445 531 306 212 374 47 116 172 481 407 522 132 49 302 113 271 229 542 111 286 51 308 182 56 267 157 97 360 248 570 478 167 231 77 6 344 372 67 140 388 280 383 104 465 349 117 343 225 103 161 513 534 58 324 400 403 215 181 185 145 431 319 279 296 256 259 573 281 28 7 458 191 70 552 412 209 315 192 137 516 452 482 497 548 268 16 354 405 359 322 545 528 96 361 73 94 436 502 391 564 565 40 76 504 417 128 479 254 353 352 122 495 441 263 540 3 197 255 236 358 532 80 69 493 50 163 298 119 253 518 414 210 190 447 84 258 369 489 433
144
29 6 68 23 70 11 13 132 33 106 7 103 36 141 94 34 55 59 56 115 91 84 93 71 48 100 51 140 113 82 95 43 75 77 69 21 133 139 35 126 96 80 61 66 104 75 95 122 65 51 12 63 128 67 17 19 65 138 54 92 89 86 121 127 107 32 59 75 81 22 86 78 16 5 33 44 88 56 90 110 60 46 24 76 104 122 114 17 61 124 20 38 23 15 47 41 53 49 134 33 109 28 26 85 107 10 37 30 117 3 135 130 19 4 15 143 123 17 16 8 116 48 39 142 107 120 97 14 42 78 112 143 1 52 27 79 102 131 38 45 87 85 116 98
50
14 10 23 45 14 32 41 25 45 2 26 14 16 5 2 44 19 44 2 36 16 40 43 48 42 20 24 29 28 31 30 41 23 43 36 35 4 12 49 42 50 40 23 16 9 49 45 29 31 41
10
8 9 5 3 1 2 3 9 1 8
100
89 63 43 98 52 80 59 46 48 95 70 77 76 64 84 82 73 92 91 68 90 71 22 37 12 35 16 33 81 10 34 40 50 21 56 45 26 44 97 69 54 87 74 6 2 29 9 79 5 83 100 86 4 27 62 94 58 85 8 3 65 7 88 61 11 32 14 53 72 99 31 24 36 51 28 38 96 25 66 17 57 1 55 67 15 30 75 23 13 47 49 93 39 18 20 19 42 41 60 78
871
623 24 674 423 754 121 561 840 601 388 74 335 563 16 822 4 456 854 217 861 824 782 274 514 51 165 749 535 800 147 654 366 841 106 212 757 44 286 250 707 717 626 450 37 856 725 306 28 552 37 681 839 240 177 653 735 795 339 136 517 82 247 576 428 5 516 188 364 298 526 609 205 483 697 701 268 457 536 89 819 675 344 522 835 198 793 497 234 811 62 728 498 661 236 635 723 568 32 34 206 463 572 113 311 484 85 469 732 422 849 233 211 313 615 341 280 555 52 425 837 694 462 158 55 295 557 710 543 738 239 243 201 485 197 31 668 356 486 624 444 386 491 134 204 676 776 550 727 698 845 269 397 199 30 398 54 276 616 612 629 716 703 241 283 127 492 297 606 583 870 254 507 296 53 223 731 558 790 126 638 168 548 658 327 299 736 111 305 459 371 183 56 466 242 700 140 573 432 151 417 179 50 361 385 406 628 751 382 546 232 585 836 145 141 430 476 145 786 651 515 256 443 763 48 869 249 566 415 84 778 636 519 195 720 617 627 218 863 288 529 93 689 853 182 191 777 96 159 435 415 673 452 103 521 755 449 611 453 640 414 848 594 589 669 156 436 167 495 595 347 342 139 157 862 677 172 732 161 508 307 544 350 686 860 682 688 503 27 656 187 551 390 761 505 715 389 621 571 722 230 216 129 20 512 796 559 292 185 765 812 175 290 10 43 586 400 830 33 420 604 639 196 61 73 565 667 49 670 843 411 6 77 94 855 105 92 244 396 17 277 220 533 36 171 838 477 146 448 275 18 605 541 284 217 781 237 721 391 579 709 289 600 383 458 222 75 712 287 473 779 317 719 685 620 597 76 128 619 465 633 489 442 253 592 381 424 9 340 808 437 511 133 215 72 440 353 338 176 174 276 865 125 734 671 219 539 88 524 66 95 590 267 704 480 194 825 453 706 804 337 687 354 814 434 427 370 97 345 487 496 373 19 7 14 38 355 263 643 12 756 494 155 357 847 258 657 825 153 803 162 80 646 828 538 123 259 251 40 439 602 60 614 691 326 769 767 42 567 360 708 264 850 493 1 365 378 747 672 404 402 482 2 21 23 692 660 380 741 429 464 823 461 107 330 310 67 594 399 445 510 752 745 655 81 405 514 169 454 418 64 433 312 431 862 598 852 229 202 331 743 261 15 328 821 644 44 582 645 29 666 13 726 213 545 662 322 632 324 271 362 842 783 859 634 104 799 116 410 542 348 464 774 813 278 70 393 846 758 513 652 621 170 315 403 257 851 797 189 474 71 309 83 832 455 867 705 214 46 699 759 285 744 157 273 693 316 329 332 226 527 815 372 100 402 827 560 718 272 630 119 580 479 334 79 593 384 447 300 401 834 499 737 250 112 575 114 441 475 683 784 8 394 200 490 690 160 369 367 762 637 501 684 547 130 739 642 78 359 110 260 224 467 648 702 679 607 613 115 148 39 59 281 471 294 221 787 252 207 238 132 537 183 504 578 135 622 588 724 608 118 641 124 553 282 764 225 203 478 186 549 101 421 193 828 138 864 531 180 190 695 603 375 137 58 318 108 775 664 610 772 47 164 131 534 210 581 419 11 794 416 277 564 346 149 810 228 98 561 57 117 35 470 831 358 178 680 303 523 352 314 554 246 771 798 768 376 663 270 540 659 678 65 650 409 631 235 363 780 99 323 556 293 802 325 525 520 344 438 742 791 816 844 750 502 562 532 143 806 773 231 649 518 833 801 584 208 746 846 377 733 63 748 320 248 336 696 460 122 618 279 395 730 184 152 426 662 871 413 591 451 379 788 3 713 343 599 266 809 291 87 69 262 551 468 22 472 408 142 173 818 785 826 349 102 766 171 392 500 509 760 530 120 729 144 570 829 304 321 166 665 265 766 753 255 807 488 308 805 792 488 866 711 569 528 163 302 319 446 109 647 740 868 245 227 407 481 858 506 181 26 412
20
10 16 8 5 7 4 2 18 13 20 5 9 9 15 16 3 3 11 7 16
546
82 161 345 164 494 341 78 194 502 314 179 277 252 217 448 230 533 29 209 189 131 266 401 262 199 516 223 409 360 76 497 65 408 479 36 109 19 258 304 454 515 160 145 186 253 102 337 317 478 270 398 352 392 280 30 385 137 538 475 133 159 84 508 305 410 287 318 514 274 298 115 366 294 424 302 493 238 168 327 231 269 468 428 399 249 495 322 127 226 361 447 163 528 184 32 162 48 519 340 504 275 208 403 122 453 66 128 482 232 182 181 456 489 56 290 50 407 438 379 480 150 104 536 26 1 20 354 116 457 486 261 172 7 257 151 335 113 62 526 233 395 303 250 377 176 11 236 451 406 313 25 485 210 212 435 80 9 95 376 77 405 267 432 306 532 492 89 60 278 206 537 13 442 434 510 436 79 387 372 333 511 183 338 129 110 474 130 315 487 103 46 254 388 8 68 419 214 225 283 94 346 51 17 246 310 173 135 35 394 92 458 53 380 85 3 49 282 144 332 524 239 308 324 100 364 444 348 319 450 148 383 59 202 344 268 477 505 140 198 418 389 132 67 330 224 204 381 111 473 88 37 260 96 271 420 152 83 38 185 242 461 462 397 425 320 500 391 47 309 541 52 288 382 72 411 196 241 169 54 358 157 321 207 187 33 255 106 347 350 466 507 470 43 73 244 521 24 328 483 452 285 75 220 300 535 156 34 386 378 251 286 413 522 534 265 465 513 10 147 188 14 359 527 167 41 368 177 70 429 295 459 219 371 153 323 501 165 316 97 498 353 15 234 343 215 374 123 422 446 23 256 119 412 240 218 134 460 396 120 18 476 531 375 221 213 190 101 229 289 27 203 312 509 139 499 296 355 520 488 108 228 57 22 263 402 222 525 124 87 325 542 90 272 6 545 31 414 363 369 21 138 170 276 114 512 518 439 16 28 158 443 205 543 81 472 141 334 143 248 463 178 227 281 307 292 417 523 440 329 195 121 517 400 331 99 112 45 423 529 356 125 404 471 370 416 427 357 93 192 362 58 39 506 40 201 293 200 464 259 91 433 373 311 540 174 390 136 441 415 342 367 469 105 237 191 154 349 216 74 12 118 546 107 326 351 149 467 291 336 166 86 530 55 64 491 301 279 284 42 4 273 481 445 297 44 197 449 193 245 247 69 2 503 393 71 63 426 155 98 384 142 431 175 544 126 539 421 264 117 490 484 235 180 243 5 430 171 496 455 211 299 437 146 61 339 365
20
5 11 10 5 8 14 8 11 17 2 13 7 17 2 9 6 7 12 1 5
53
27 12 9 36 37 37 50 23 15 30 33 51 52 24 20 43 53 39 40 3 25 19 38 36 7 47 5 42 45 4 11 3 18 49 29 10 6 44 4 6 8 22 17 26 21 20 46 13 16 32 1 31 14
320
51 156 75 278 172 237 279 294 228 168 291 7 96 141 227 29 303 99 63 261 87 220 49 113 9 118 72 163 94 192 13 30 120 123 44 43 253 163 298 151 311 41 133 164 247 208 48 102 91 313 128 10 284 133 131 114 80 190 274 315 183 219 103 140 200 61 125 203 15 106 81 248 273 201 297 276 230 243 23 92 27 253 55 12 51 191 78 173 93 135 155 150 193 296 153 304 126 100 152 200 24 206 175 181 152 243 218 92 194 77 107 257 283 190 320 217 74 12 40 275 247 212 240 85 257 232 232 114 262 123 59 284 104 223 233 254 90 251 245 62 63 11 129 178 113 182 64 137 312 226 290 199 69 209 185 36 174 229 17 320 131 129 251 2 230 287 174 184 98 296 189 306 61 204 298 16 8 42 266 106 36 34 25 209 253 299 108 212 144 264 3 6 310 111 111 290 318 221 55 284 120 91 311 307 315 8 120 176 94 106 95 277 251 177 293 309 15 257 285 163 181 53 320 124 302 169 279 79 220 209 275 116 147 49 242 141 81 37 243 150 16 258 11 124 89 3 229 32 128 249 141 66 9 167 128 40 86 33 94 22 243 287 130 280 269 251 312 218 283 81 57 222 174 205 317 87 161 241 203 224 216 50 145 123 90 40 47 300 257 27 201 72 178 172 5 282 195 22 32 320 23 75 313 28 134 177 205 272 297 246 211 100 110 239 318 313 314 212 75 186
320
309 303 285 140 199 126 14 225 52 117 129 49 125 130 55 248 123 143 228 188 237 8 13 151 319 255 221 204 128 298 79 98 46 12 159 271 42 285 289 258 124 26 94 258 113 308 1 186 286 279 238 73 304 281 313 215 69 120 17 101 91 56 219 247 7 161 302 20 160 191 64 24 314 23 28 283 74 315 103 177 109 298 68 264 261 167 213 119 107 280 209 312 293 15 253 70 92 199 72 287 286 320 31 222 275 233 88 205 189 218 169 98 117 47 114 32 145 156 18 89 234 133 206 320 303 35 82 193 144 165 198 284 273 5 263 310 61 143 57 118 122 84 203 131 208 233 97 81 237 197 246 281 182 4 139 66 67 301 217 59 172 48 282 181 318 173 311 180 119 294 184 141 302 287 236 64 170 231 212 58 179 302 9 162 90 121 155 266 110 160 301 11 92 154 189 20 202 305 11 72 257 37 230 94 11 45 87 142 167 259 297 278 250 132 242 148 75 16 38 267 297 204 116 187 72 136 259 292 251 76 121 193 171 214 216 309 93 126 196 290 50 96 277 42 272 105 233 80 235 33 152 20 173 118 207 318 295 63 253 41 276 53 185 224 176 102 46 139 93 36 71 206 227 226 65 39 225 306 70 304 83 139 50 164 174 40 77 244 307 194 185 251 8 226 21 140 12 29 289 219 168 290 211 150 127 64 51 135 249 309 19 223 85 75 139 57 61 295 170 137
200
82 104 142 63 191 11 29 180 181 61 165 26 162 18 89 144 162 46 102 82 130 33 40 70 200 182 137 1 16 52 192 29 98 98 143 97 95 193 92 65 190 47 178 113 36 9 57 68 18 76 139 79 31 56 124 83 82 81 192 21 33 66 198 193 51 20 92 78 85 142 91 169 48 118 158 58 96 19 164 130 162 67 179 155 155 17 165 185 186 117 43 84 173 99 198 162 125 107 98 41 156 170 181 117 180 92 157 35 93 82 186 140 79 76 200 123 14 101 10 21 35 163 61 156 116 101 171 186 87 53 15 177 108 100 140 21 71 142 152 67 89 77 7 196 82 26 53 66 142 132 54 44 163 77 134 28 147 63 158 70 37 194 194 140 18 112 122 66 100 30 99 132 156 195 199 119 57 176 4 127 139 175 35 119 37 177 29 98 120 31 156 152 63 139 167 17 43 109 17 44
100
15 51 41 43 13 15 30 34 39 14 57 48 1 37 1 46 47 31 59 34 25 46 54 55 9 31 38 98 39 71 50 30 14 51 74 71 14 69 72 60 49 12 99 14 97 22 17 65 3 28 34 77 97 23 58 44 17 53 75 18 47 83 31 30 23 16 73 51 22 17 30 39 55 54 19 25 16 14 37 6 97 72 62 51 35 46 44 21 6 14 45 8 61 23 30 76 45 28 93 98
20
8 15 5 20 12 18 11 10 17 19 16 11 7 12 14 15 4 11 10 9
53
9 15 36 38 16 8 40 48 2 23 12 46 29 44 26 44 28 43 42 49 3 19 14 29 27 9 17 52 19 37 18 26 50 24 31 10 1 34 41 33 25 13 47 14 22 30 53 51 11 5 4 32 45
1000
778 80 701 981 867 240 917 344 483 434 246 290 664 370 719 197 820 56 379 170 378 741 390 580 330 529 995 37 781 945 510 673 753 428 921 858 153 77 861 892 489 45 271 95 120 457 667 211 43 960 802 507 989 749 823 59 104 442 907 273 615 121 113 740 670 709 408 679 82 285 18 814 288 13 630 564 462 930 411 475 634 793 57 237 561 870 165 805 192 449 470 269 50 517 865 933 254 866 217 289 710 58 876 245 360 772 262 19 223 497 897 486 8 316 671 235 582 575 550 208 188 350 827 425 864 27 381 541 319 61 500 322 717 562 318 729 570 996 573 625 309 608 842 535 600 505 132 6 81 649 467 200 20 393 963 946 824 112 737 686 166 209 23 25 162 711 700 626 11 36 363 445 830 959 594 847 577 910 788 206 643 283 460 167 86 944 855 368 446 149 613 142 144 22 723 735 30 127 810 293 230 504 787 259 914 966 503 915 628 267 902 16 359 784 47 518 533 565 776 629 374 668 806 818 593 383 639 916 762 236 663 418 261 677 760 493 520 722 353 3 48 627 983 150 241 491 681 75 704 426 85 453 284 372 882 219 731 952 266 400 833 423 366 213 358 884 986 519 862 183 652 481 998 751 247 768 403 186 819 329 412 747 351 644 115 695 563 377 785 881 420 184 757 999 692 745 28 24 216 872 739 93 635 134 311 177 770 341 890 516 385 173 816 614 990 277 707 252 125 158 616 545 637 696 172 477 567 528 456 476 774 676 911 461 894 327 633 88 448 924 885 71 968 576 761 638 356 763 843 195 287 738 947 874 687 599 730 726 712 880 12 198 431 376 869 920 317 189 585 900 736 586 439 551 523 908 878 675 733 678 303 97 169 544 234 912 333 657 326 272 743 139 929 522 950 355 851 468 879 392 29 472 821 263 636 801 775 525 90 662 527 202 469 79 145 307 31 84 33 321 602 987 888 343 569 976 185 441 559 487 204 228 92 179 415 111 574 755 413 226 244 110 813 521 5 238 325 17 265 646 985 364 742 621 281 789 724 108 454 26 589 766 264 463 840 129 651 642 718 812 893 207 201 396 301 555 800 783 440 282 76 532 224 388 506 336 227 163 452 697 684 939 764 705 176 404 967 601 771 744 973 811 750 276 260 660 225 63 965 714 702 308 748 954 834 178 932 797 951 610 822 367 609 539 60 617 982 357 936 205 556 654 348 728 291 579 991 552 328 645 362 332 46 69 919 948 846 424 68 255 909 485 540 324 828 502 32 384 641 831 49 286 887 672 399 62 782 974 482 659 159 55 513 863 199 140 538 335 73 542 956 155 773 690 537 175 853 340 583 606 713 126 215 850 174 765 631 547 64 15 103 137 971 109 40 141 777 746 342 993 940 997 836 70 682 65 856 338 994 512 214 471 436 1000 934 397 699 501 34 402 146 611 955 313 758 854 849 732 107 666 899 117 685 752 78 414 852 257 253 619 53 984 407 549 334 848 795 546 889 131 222 658 406 361 942 689 72 52 969 447 304 42 596 157 803 323 190 913 844 365 754 405 422 498 9 568 154 838 416 607 87 883 39 683 534 250 128 953 147 270 581 560 248 314 949 212 51 98 796 815 116 54 972 977 196 530 721 298 410 779 297 860 499 715 180 650 354 275 300 943 102 490 479 136 258 992 302 67 210 427 229 352 875 331 514 375 632 817 511 595 74 306 794 421 558 391 398 825 249 171 4 780 903 114 922 524 218 804 220 143 767 203 716 430 756 106 151 168 961 588 957 877 809 138 488 896 371 380 38 444 66 10 409 495 706 466 918 41 926 119 478 669 898 572 923 123 653 438 432 455 734 299 44 320 164 873 587 938 935 7 21 508 268 437 345 496 182 623 886 835 624 962 829 231 708 389 557 978 655 450 958 790 839 515 492 292 980 941 905 294 280 598 622 464 543 571 988 465 871 83 369 386 295 395 688 526 2 148 161 239 536 964 135 605 310 693 937 566 14 592 387 807 96 553 435 808 305 837 101 845 99 480 130 191 906 160 349 474 91 786 691 221 242 443 759 35 94 791 118 382 647 315 826 698 152 584 100 925 279 451 429 156 859 895 798 494 187 674 193 373 133 394 274 346 904 243 720 473 725 312 648 931 122 640 232 548 727 703 620 604 531 769 591 578 928 975 618 554 458 417 597 970 656 694 105 347 256 868 590 612 337 124 233 927 484 1 665 401 181 433 661 194 419 857 278 459 603 832 296 901 680 841 89 509 339 792 979 251 891 799
100
96 15 90 27 76 8 71 6 77 39 95 49 59 44 2 41 72 98 61 29 46 23 22 86 64 62 4 35 20 43 94 92 53 89 28 55 91 45 10 69 16 100 30 14 38 21 78 74 12 51 50 99 33 56 36 54 70 85 13 67 19 26 87 25 79 82 60 75 40 57 7 17 97 48 68 5 9 47 65 84 83 66 81 80 58 24 63 93 34 3 37 32 88 31 11 1 73 18 52 42
10
5 9 7 10 2 9 8 3 8 5
502
438 170 198 5 274 131 462 260 242 466 317 323 153 483 122 316 126 54 179 62 222 120 309 452 216 451 59 230 110 77 248 480 383 477 208 440 424 103 167 245 374 369 251 294 67 427 64 308 385 342 339 215 234 7 469 17 107 112 459 322 57 267 277 232 358 32 34 212 188 443 353 366 394 403 58 420 347 25 3 336 396 192 381 461 229 117 246 39 173 392 121 22 279 76 293 247 27 406 288 55 243 460 141 354 367 142 190 344 201 134 41 365 493 266 432 156 414 231 214 437 310 449 338 258 72 30 283 129 436 194 431 95 68 51 227 402 15 223 324 56 275 282 408 307 150 499 410 37 397 168 485 352 209 471 325 391 102 98 80 180 384 343 361 90 82 244 382 496 195 88 442 346 324 109 375 270 84 220 458 213 256 415 133 115 19 228 290 135 118 161 75 10 379 313 448 50 484 224 197 430 341 356 418 241 28 193 398 453 416 113 262 136 454 268 93 252 271 43 92 91 433 159 176 207 221 47 447 332 218 495 210 426 44 362 36 488 470 312 412 149 463 425 24 357 328 33 350 348 104 16 284 334 8 162 163 4 297 360 85 74 359 304 49 137 345 441 124 435 40 486 390 421 368 185 101 111 9 465 45 371 108 233 219 71 273 281 148 417 314 254 2 226 182 298 265 123 181 14 315 164 155 467 287 240 476 132 320 445 456 143 413 1 377 211 144 177 65 340 373 235 269 42 145 259 79 23 250 492 60 174 140 187 475 238 29 138 378 166 311 125 395 83 70 171 86 130 446 255 331 199 38 349 257 372 455 13 439 319 52 61 482 457 204 401 419 184 152 119 500 183 73 355 473 236 487 388 276 301 464 278 333 261 35 18 205 296 300 165 96 497 429 196 202 157 151 289 272 46 87 175 127 468 502 380 249 409 303 393 472 494 31 186 63 478 172 389 12 295 490 189 329 105 387 146 116 330 158 489 20 335 364 299 217 292 239 106 263 491 154 363 399 400 404 501 286 280 407 191 474 302 422 428 53 81 203 405 481 321 66 318 434 128 200 423 479 264 69 48 160 147 253 114 444 26 411 291 178 370 225 450 237 351 498 337 78 139 305 206 97 285 100 327 11 306 21 94 99 326 6 386 376 169
20
3 7 14 13 16 13 20 12 20 11 10 16 1 8 12 15 20 16 9 12
10
3 3 2 3 2 3 3 3 3 3
100
38 64 52 82 90 55 80 44 59 78 63 13 12 45 39 46 33 73 71 65 68 53 95 43 83 88 93 51 74 57 81 97 17 70 58 99 98 1 15 54 87 91 24 8 14 16 77 89 85 61 28 3 22 40 6 75 30 35 9 100 50 79 11 2 20 84 76 21 92 34 19 86 18 29 56 67 47 10 62 7 31 4 25 66 49 72 41 26 48 5 42 69 27 96 23 94 32 37 36 60
100
12 23 46 82 40 64 9 36 8 99 30 73 78 25 57 37 47 7 76 31 67 60 5 74 51 70 97 96 68 20 92 83 26 53 63 79 19 13 21 42 58 35 29 75 11 85 100 88 10 27 28 6 59 93 49 81 90 84 87 38 98 95 89 44 39 4 77 91 24 65 34 14 33 80 66 69 50 61 45 3 48 18 71 72 2 62 86 22 41 52 55 43 15 16 62 1 56 32 17 94
160
93 43 76 112 132 145 142 15 91 82 134 18 28 102 83 58 121 44 30 123 141 66 42 38 126 108 139 80 107 154 80 81 6 152 84 82 159 16 13 22 106 20 46 155 85 114 12 7 2 148 56 104 86 89 32 124 95 125 137 117 21 67 105 23 88 127 130 115 90 14 128 131 72 111 143 34 78 54 116 24 151 149 138 63 50 62 25 122 129 118 47 110 113 77 29 68 9 74 33 156 148 36 140 71 55 45 5 87 40 137 49 11 26 65 48 35 4 75 150 27 57 160 73 92 99 40 96 133 100 41 39 37 144 64 128 72 69 158 60 70 94 98 119 17 120 51 52 21 97 103 52 8 2 157 146 3 79 53 19 1
980
25 374 786 213 279 801 975 494 285 320 65 503 117 584 378 158 323 455 854 151 579 486 824 186 954 35 615 49 192 85 689 261 513 624 683 45 888 864 608 153 746 324 326 99 934 945 681 489 77 926 467 182 402 535 150 536 448 752 511 330 365 548 196 833 582 200 66 471 649 101 265 199 867 246 698 474 647 347 101 216 283 394 284 166 254 903 252 563 893 268 955 797 757 131 111 518 275 255 912 551 90 337 139 492 148 43 637 442 305 571 440 337 688 557 678 870 777 491 884 701 476 386 500 206 321 445 264 814 515 651 69 869 515 83 227 3 923 169 865 610 332 719 441 240 643 177 330 736 811 543 341 375 560 165 598 210 42 633 395 778 272 834 511 399 792 775 464 583 155 601 355 791 421 13 354 897 7 11 901 267 209 583 904 292 145 908 687 189 407 957 784 262 660 915 496 528 927 843 731 573 230 714 425 238 125 742 586 102 841 92 891 520 597 369 185 219 130 394 331 717 594 745 439 73 401 517 226 12 119 961 758 768 771 645 488 686 79 529 177 298 716 968 613 475 47 222 103 921 193 11 427 969 881 291 525 468 450 39 36 351 251 44 214 248 858 721 730 920 301 707 738 821 553 330 718 950 780 41 677 755 345 278 215 371 850 328 399 104 147 779 715 580 13 493 395 946 66 157 530 6 48 813 372 896 162 944 107 923 199 638 228 323 521 531 563 736 725 877 848 126 385 524 76 659 883 543 26 555 346 426 429 585 494 335 540 49 830 871 217 454 197 483 704 373 102 289 497 790 409 456 893 763 190 138 282 817 886 695 621 289 965 885 827 50 949 597 30 459 942 653 68 311 889 652 814 485 259 498 81 849 815 783 690 481 183 457 976 906 103 61 247 149 340 679 710 874 447 522 47 9 20 973 700 747 64 411 899 937 519 616 668 9 972 269 207 612 266 137 895 344 697 827 408 445 361 591 104 441 542 319 407 667 277 547 1 231 551 805 764 415 791 556 696 966 350 241 458 802 533 181 946 592 261 184 914 863 204 664 84 154 977 8 416 894 241 569 237 872 581 428 654 319 342 630 87 396 794 294 198 806 529 746 177 15 493 804 381 766 314 569 617 936 21 14 98 958 377 108 640 712 776 711 922 445 517 734 661 413 973 793 286 121 822 140 759 142 119 938 611 925 666 640 952 844 46 244 868 105 864 161 662 542 405 209 53 332 439 859 91 568 831 100 632 847 858 235 124 211 783 723 343 263 205 8 174 5 539 185 110 634 876 853 680 761 97 549 831 110 900 348 253 796 56 909 160 19 862 284 836 968 85 835 57 360 460 144 433 885 198 592 510 890 225 404 458 50 732 94 572 645 939 198 671 424 553 924 271 422 753 684 52 664 588 828 164 639 490 312 77 77 220 236 52 860 763 380 134 82 527 374 281 575 557 744 643 936 628 855 663 379 176 452 808 435 175 600 593 821 18 30 563 818 302 24 531 661 251 523 851 495 97 785 484 570 413 406 22 152 359 605 749 91 591 415 133 891 27 270 832 477 133 156 430 443 93 980 701 263 671 798 483 72 669 902 230 432 363 882 286 933 434 177 34 193 974 381 705 234 327 550 23 368 106 349 419 713 978 435 693 440 250 6 376 429 670 527 388 335 587 829 339 631 692 641 444 383 751 546 709 419 172 299 459 750 187 875 40 262 390 122 410 727 414 188 190 452 658 629 762 201 739 470 74 935 370 773 775 71 756 596 314 625 873 312 280 397 469 276 896 33 312 841 840 465 514 339 146 318 953 347 544 597 382 306 31 37 232 856 905 619 538 223 874 956 577 720 805 307 50 80 805 283 852 86 760 845 62 964 357 313 816 541 752 221 407 140 913 260 823 828 96 799 451 810 682 250 280 771 899 109 728 449 656 765 817 626 911 118 387 625 317 501 685 403 202 256 752 322 170 372 770 290 737 734 694 646 325 774 29 703 687 398 39 123 479 375 412 187 917 65 609 733 948 73 171 436 212 761 613 6 425 822 179 554 861 132 461 635 393 692 423 599 788 257 853 943 270 754 820 155 418 665 127 194 142 941 973 771 722 115 159 449 420 59 730 502 135 335 179 213 849 339 951 607 769 480 116 924 191 196 767 512 940 708 795 357 93 627 526 811 787 195 51 10 433 32 28 970 764 16 54 287 608 735 380 297 52 113 487 576 268 622 167 574 887 789 960 391 427 310
10
9 3 4 10 9 4 2 10 8 7
101
9 12 19 87 99 78 47 93 92 61 43 50 31 47 25 68 57 45 62 79 3 32 2 50 41 60 20 50 28 71 75 21 73 80 26 66 96 88 72 4 18 13 11 81 34 36 73 91 6 52 54 5 44 70 101 63 98 35 10 74 77 15 16 48 10 37 7 40 22 32 8 67 97 64 38 56 11 1 55 76 65 51 46 83 58 17 23 95 72 42 49 100 27 90 84 86 30 82 53 94 58
969
631 920 228 422 957 546 85 732 7 306 176 668 749 756 714 24 621 201 463 236 357 555 771 845 218 535 447 259 819 922 647 637 400 882 399 554 684 956 537 413 579 799 22 428 121 711 763 469 247 731 335 315 513 319 48 795 966 283 841 811 616 692 251 593 916 678 755 552 707 36 353 815 791 642 446 498 355 18 503 933 270 515 700 121 59 670 935 349 473 296 903 166 163 75 561 478 40 52 805 762 454 449 330 14 491 514 429 698 356 273 219 55 888 658 566 312 5 172 575 877 147 672 491 379 865 611 656 81 618 348 792 958 666 764 674 498 653 752 455 669 179 257 71 195 832 884 312 597 875 761 25 810 793 244 245 542 50 204 688 398 551 62 638 640 801 794 136 776 791 379 575 724 722 333 782 459 194 361 61 909 209 734 687 349 156 284 433 64 562 158 502 424 603 253 452 633 911 165 93 325 718 303 213 863 462 412 589 138 369 316 140 582 421 599 871 501 487 319 904 485 914 320 215 523 339 570 869 154 493 297 466 65 765 758 214 907 577 486 365 728 544 695 418 403 871 151 719 926 232 803 95 193 457 277 850 311 49 41 667 33 272 31 670 541 634 226 481 250 435 862 370 940 72 132 635 720 564 568 196 713 649 298 120 657 948 788 757 475 248 636 786 739 212 614 892 950 198 184 906 74 675 468 206 73 53 750 178 258 573 110 824 297 347 629 946 297 872 442 274 609 345 953 525 508 481 318 733 861 7 597 683 619 82 965 19 431 34 126 607 171 778 701 849 479 56 397 831 895 21 17 9 292 929 286 660 208 440 809 655 341 913 600 480 269 402 66 746 885 221 699 833 924 26 240 715 43 588 710 553 534 430 91 790 847 417 921 378 8 203 143 783 89 937 844 15 87 150 671 823 745 530 113 896 826 339 624 229 478 423 371 425 843 289 481 153 521 443 211 174 549 358 784 928 111 374 859 939 691 254 527 876 70 697 827 445 237 44 807 370 438 912 185 368 233 874 326 53 825 103 20 381 175 489 709 426 651 822 830 54 252 313 33 299 485 137 162 304 772 67 943 334 901 281 504 477 665 526 224 905 548 607 476 260 106 61 101 781 278 584 696 389 704 497 837 302 105 774 706 677 518 373 639 495 354 38 855 222 969 934 951 572 310 116 439 726 117 177 472 585 806 366 598 78 910 663 878 372 197 701 35 685 146 13 840 596 45 553 274 380 923 866 336 961 565 130 494 885 741 492 3 432 717 670 528 285 317 628 169 125 86 79 415 164 408 119 500 483 73 880 944 115 405 129 742 729 686 287 359 16 571 282 625 801 601 919 264 84 414 612 846 181 696 529 385 279 547 251 460 902 314 627 802 136 308 768 842 511 383 395 507 405 367 122 46 962 9 680 580 249 291 290 60 97 931 426 509 608 11 441 499 538 963 448 431 99 265 867 512 630 505 280 730 868 964 88 839 69 870 925 808 180 94 897 646 188 481 620 586 576 848 654 738 769 191 76 860 436 106 482 484 556 461 693 364 451 324 134 488 405 859 967 484 102 32 141 641 766 595 622 239 753 261 930 207 751 694 135 798 179 838 673 189 588 309 434 829 648 388 800 522 547 327 183 343 216 12 90 392 775 873 789 42 859 591 187 300 372 241 606 131 898 659 533 744 57 785 545 727 387 935 96 100 88 116 949 644 266 708 467 84 818 645 471 394 605 202 128 690 779 275 858 344 340 28 1 938 220 812 917 200 952 323 959 759 520 337 456 615 490 243 853 262 670 828 813 363 716 51 161 416 559 569 936 592 186 405 307 557 712 894 263 108 960 393 2 407 104 662 889 404 410 777 942 419 149 127 192 83 676 851 854 968 160 773 375 652 890 276 6 474 705 295 760 650 797 604 234 332 883 145 854 386 747 227 820 900 563 123 834 331 173 506 352 137 256 118 632 602 409 167 550 945 362 519 836 109 954 532 255 384 511 390 737 152 47 725 92 852 893 592 242 123 58 594 664 670 947 539 516 322 623 133 748 77 736 955 750 350 835 941 729 376 328 246 231 411 661 814 496 897 932 857 406 444 817 558 754 238 179 96 458 107 510 144 689 63 899 485 462 879 168 148 529 205 871 743 721 590 235 342 80 527 780 702 294 578 464 581 37 643 470 288 915 190 567 301 735 613 876 114 321 157 626 681 30 918 450 891 98
10
3 5 4 7 7 2 10 3 2 3
1000
474 334 507 942 937 291 83 510 499 947 567 890 530 901 533 497 697 490 577 983 442 548 837 699 419 243 558 199 658 9 910 361 246 253 572 169 208 663 829 305 213 495 163 453 580 264 961 166 871 646 750 201 210 333 521 35 975 748 455 308 919 885 867 321 585 652 543 371 860 875 873 878 313 101 734 126 729 692 813 906 429 698 350 269 198 491 605 733 923 674 795 178 268 677 195 431 74 468 694 826 365 709 260 569 621 186 676 849 50 285 936 881 391 38 922 500 289 261 294 682 684 648 672 541 854 296 143 300 614 649 96 240 911 546 978 944 869 536 196 939 586 537 127 494 418 171 270 401 188 711 790 487 720 721 551 56 395 653 479 741 814 241 517 828 355 562 590 233 36 804 146 523 440 930 863 99 703 353 791 345 518 550 818 599 635 137 211 553 473 589 845 1000 576 132 95 139 624 85 564 872 52 247 889 749 222 503 363 37 339 53 242 367 41 309 852 532 223 412 891 214 949 524 434 669 806 868 898 619 637 784 894 467 168 281 506 816 976 392 297 917 973 318 716 520 416 33 347 315 640 632 707 245 650 815 866 73 835 700 459 810 667 130 404 897 870 316 912 925 755 464 929 357 555 471 603 125 965 525 187 793 234 370 322 821 110 344 428 182 117 43 6 967 916 427 561 956 290 843 255 128 469 941 481 484 747 205 430 989 705 744 501 809 156 362 248 266 969 200 933 880 64 183 393 527 957 475 283 114 846 926 807 216 54 358 328 560 728 691 209 830 972 482 231 327 180 915 893 563 106 799 46 908 2 730 165 655 794 68 962 407 288 782 207 379 492 104 212 732 900 282 119 463 192 63 927 121 584 317 364 483 970 823 727 661 597 685 779 948 713 754 366 238 323 515 157 568 853 722 600 662 148 504 526 24 909 601 360 606 861 785 719 218 608 124 781 359 262 225 25 689 559 51 414 778 235 628 773 287 81 307 955 888 887 97 717 935 185 884 30 173 752 21 531 756 687 738 836 660 138 643 250 808 44 552 405 399 991 607 259 78 934 498 372 118 858 788 232 98 220 899 274 403 189 505 534 472 710 574 89 612 92 342 380 304 842 840 152 675 59 18 724 489 847 144 42 423 16 478 596 116 311 774 206 451 131 725 3 913 565 8 974 657 822 604 984 535 627 181 757 244 55 746 172 769 602 135 324 848 761 13 731 422 819 413 516 61 142 103 647 514 150 864 67 932 938 679 656 22 502 299 155 454 996 613 273 538 786 27 107 336 295 760 348 971 86 714 11 396 378 787 874 177 456 272 7 670 19 959 803 45 985 896 735 377 65 141 105 954 190 176 301 753 704 496 979 777 385 951 583 376 406 292 275 424 666 408 458 997 702 903 839 480 554 421 386 931 742 905 228 641 170 258 902 197 736 587 398 426 855 834 833 615 751 17 831 90 665 740 771 249 620 578 450 445 776 112 539 122 402 129 958 66 158 611 770 547 512 29 326 448 384 400 439 820 449 194 109 987 654 963 573 123 966 284 488 642 94 960 859 832 904 120 688 582 522 737 768 683 420 763 338 668 796 950 780 982 622 82 277 892 998 303 409 31 556 708 766 706 102 477 508 851 389 827 639 47 435 783 411 153 154 425 993 191 162 349 383 337 77 825 49 1 88 75 224 625 686 34 865 638 160 617 797 310 921 598 953 276 204 87 633 441 592 610 113 591 519 762 992 995 529 57 690 251 968 952 811 60 988 626 184 990 977 765 980 798 986 549 387 306 415 444 718 230 279 557 570 466 801 151 179 134 280 476 286 693 460 914 202 48 789 981 579 805 767 374 331 452 167 841 417 876 79 161 254 634 84 115 278 664 76 513 382 566 26 100 443 509 39 40 390 680 631 630 257 447 23 879 636 486 764 485 298 918 159 329 493 528 108 93 712 236 397 70 629 544 645 465 462 15 341 994 175 542 739 314 394 226 594 265 433 946 71 571 217 812 743 72 838 320 91 193 943 438 62 252 432 886 203 12 145 945 343 659 907 340 800 227 470 369 14 623 928 681 920 80 895 352 540 850 133 267 229 593 346 293 964 844 644 149 745 410 351 32 824 330 375 575 271 174 616 147 319 461 436 111 5 545 140 999 302 4 883 136 856 609 10 388 221 857 437 332 312 588 256 219 325 882 356 678 263 354 695 373 618 673 671 164 651 381 715 758 368 511 877 237 817 446 595 775 802 69 20 239 581 28 726 58 696 772 457 759 723 862 792 215 924 701 940 335
100
14 95 61 64 35 51 24 3 53 8 78 22 57 60 91 27 50 31 55 33 15 82 11 65 92 69 2 29 51 58 100 48 96 16 54 18 40 21 71 85 34 67 37 39 17 5 12 87 93 46 6 10 84 28 30 66 38 77 70 76 13 7 56 72 74 44 52 43 86 26 36 80 98 4 47 9 41 94 20 88 89 19 25 68 99 63 62 23 83 32 49 90 81 45 97 1 59 79 42 73
100
28 38 24 15 18 67 73 25 37 56 27 14 64 62 95 29 68 90 100 87 12 61 81 49 35 30 74 19 67 36 93 41 1 64 39 71 25 3 76 59 26 32 58 18 40 68 21 88 20 23 4 42 29 19 59 50 34 70 11 73 60 69 18 55 38 58 33 48 43 22 77 4 67 10 24 16 82 42 97 40 52 31 30 10 64 94 9 96 28 94 46 44 53 91 2 47 63 3 6 51
1000
280 342 149 683 995 36 154 174 558 288 153 825 791 80 436 337 278 689 813 311 503 327 392 635 605 426 598 443 388 258 295 880 146 294 890 772 818 98 479 152 12 630 865 882 594 867 789 863 71 92 839 272 806 692 98 594 320 55 642 770 759 894 874 220 403 446 333 509 550 201 324 643 364 575 38 105 555 554 895 182 809 503 619 791 722 510 736 820 229 968 822 298 435 465 441 716 139 901 548 615 447 298 215 402 662 716 771 599 925 923 383 289 507 394 948 135 383 835 482 469 996 976 245 420 617 473 503 651 500 993 238 81 129 459 221 120 285 170 476 620 604 141 111 116 478 692 403 55 430 834 903 474 531 198 263 791 193 40 949 532 234 616 906 336 412 751 983 45 27 338 514 163 11 740 355 759 21 758 531 835 511 543 208 411 613 650 44 129 880 234 645 929 274 754 778 811 851 267 826 388 135 432 251 891 374 617 600 586 296 753 68 80 332 515 453 25 915 929 945 31 900 775 691 674 253 744 724 924 838 492 320 415 475 952 816 286 451 94 605 885 877 943 541 684 230 133 768 495 285 979 760 274 581 587 963 576 689 524 700 880 690 897 270 187 919 623 672 530 261 707 761 251 383 190 56 720 516 279 525 865 319 286 293 495 79 199 404 600 804 210 119 644 508 651 312 214 309 393 776 980 15 947 522 43 864 641 920 737 986 865 571 265 248 207 70 362 382 933 484 943 283 961 18 195 910 1 311 115 972 597 912 353 623 596 525 476 862 138 57 767 536 855 136 994 789 344 116 440 175 674 433 305 748 406 776 134 191 32 708 851 689 177 571 813 694 913 32 460 820 684 825 330 387 585 639 13 232 446 515 428 93 960 491 648 946 584 781 765 423 648 49 30 189 582 381 898 773 440 827 519 61 111 722 512 614 472 641 972 955 483 812 631 458 152 231 647 952 45 126 664 824 873 920 367 18 130 876 79 491 27 645 142 213 232 47 192 169 782 832 621 33 799 228 12 201 30 274 912 745 850 60 657 722 251 520 826 674 383 587 730 392 810 585 874 52 459 222 678 641 291 895 617 977 429 51 128 268 776 924 373 378 686 947 677 827 31 636 246 936 797 593 196 741 828 108 36 559 832 837 634 520 247 573 479 84 775 650 138 505 777 882 925 421 60 234 395 605 460 652 762 385 643 662 362 689 569 377 346 7 395 496 562 551 418 992 869 307 794 172 947 13 775 990 270 728 494 445 717 118 727 948 834 770 630 693 143 834 697 920 834 111 288 941 355 755 982 372 647 820 151 426 912 695 957 391 816 257 569 106 979 350 297 653 553 600 214 400 644 972 184 832 541 260 905 988 101 822 611 739 298 329 863 729 567 404 732 831 318 722 276 849 573 524 910 908 297 44 484 753 566 402 407 867 596 437 810 147 154 799 714 684 242 743 888 120 756 722 807 156 516 860 114 908 319 575 625 459 59 690 332 819 708 181 938 287 752 439 236 407 488 668 828 500 320 563 141 72 432 513 871 208 397 931 905 583 756 914 547 440 514 960 695 992 347 544 284 91 341 24 110 236 231 393 377 183 999 96 972 625 256 686 347 428 273 115 256 785 666 138 727 135 728 580 927 723 708 191 454 448 564 720 637 669 446 627 264 586 735 321 107 31 329 220 445 103 195 397 513 604 48 739 217 242 140 443 339 698 259 156 448 348 506 504 564 544 231 381 295 69 409 829 784 288 628 247 696 981 891 47 644 403 633 162 765 159 378 812 706 52 743 776 485 811 818 425 510 814 558 396 733 847 44 359 304 458 543 779 764 73 917 886 378 725 136 215 647 952 949 874 407 611 139 352 738 734 374 778 723 830 338 434 347 476 717 252 576 495 794 189 924 772 743 260 348 111 439 918 322 154 184 673 704 618 515 656 413 540 845 837 83 555 724 534 934 194 962 643 16 126 893 238 332 405 326 499 112 481 47 941 941 254 517 97 651 575 623 233 677 390 263 127 241 466 533 323 276 331 232 852 610 279 279 409 505 160 640 980 37 577 72 415 149 230 539 539 452 436 604 811 708 712 743 249 320 511 604 739 623 879 680 22 160 668 983 548 922 683 106 271 260 20 89 115 338 376 978 603 550 665 414 80 608 614 267 884 996 737 944 410 321 565 329 556 760 236 761 356 345 271 100 233 617 679 879 798 374 968 721 57 391 203 814 722 169 77 821 41 826 141 825 384 483 937 163 861 175 38 472 219 695 415 886 185 300 583 108 484 865 757 905
100
27 45 37 78 28 21 84 62 17 97 68 40 92 9 6 1 76 7 71 96 11 56 67 79 66 82 98 33 89 53 75 69 15 80 70 58 36 26 16 18 50 4 86 5 77 25 32 87 47 94 10 90 81 57 41 24 49 85 55 29 48 19 59 46 99 65 14 39 83 30 63 90 93 42 43 52 100 91 44 31 74 8 20 95 2 60 23 35 51 52 73 64 54 72 34 12 61 3 22 38
10
10 8 5 10 6 3 2 10 7 7
996
239 525 766 710 452 523 439 734 14 691 756 743 970 374 219 590 35 421 757 231 243 761 471 43 16 242 519 695 361 491 409 919 937 933 873 264 741 468 46 697 862 901 739 850 991 715 789 447 930 613 260 469 685 732 240 437 269 613 789 73 320 662 733 333 454 668 235 311 224 15 577 83 371 138 176 889 591 596 479 418 993 996 96 764 666 195 144 142 380 946 775 965 498 189 665 186 495 863 357 137 533 475 653 819 831 879 22 540 969 249 939 430 227 806 627 207 644 503 790 841 650 672 437 536 538 892 972 850 639 642 769 459 298 436 669 147 656 951 652 62 40 294 794 455 601 212 755 300 416 47 444 228 930 187 804 339 159 516 332 29 283 646 923 180 78 860 688 668 465 505 270 762 964 898 667 38 202 462 281 637 511 878 424 753 801 842 870 882 833 992 18 442 543 962 923 453 252 888 482 546 321 310 212 44 112 3 412 983 968 624 652 205 633 291 963 972 932 344 291 75 476 81 821 487 735 264 786 767 389 992 818 996 880 190 805 127 685 725 326 745 199 555 615 332 415 893 310 469 275 298 260 930 310 673 506 779 838 675 143 251 676 636 746 863 172 830 81 754 22 579 105 139 234 987 475 340 171 70 515 729 443 148 706 460 428 996 47 861 504 917 214 547 480 800 890 786 589 366 328 567 529 311 422 256 949 763 314 886 928 85 611 213 609 768 289 814 72 169 287 26 791 956 150 304 953 859 925 984 357 559 334 159 398 886 667 337 535 622 367 10 69 374 618 458 429 221 445 553 5 815 962 67 369 966 299 645 651 366 915 376 354 987 364 89 796 298 940 719 508 799 116 711 597 352 201 196 778 4 712 682 576 398 448 136 45 635 350 590 971 120 178 233 211 20 428 187 486 897 486 217 833 883 895 403 881 438 264 505 720 309 363 185 91 621 612 502 945 660 334 712 722 54 582 559 393 845 820 33 780 952 280 420 534 377 565 252 830 358 884 60 809 192 677 485 296 502 9 161 760 102 167 584 714 936 510 743 97 271 69 781 21 225 307 859 859 581 423 744 313 763 813 104 348 892 39 927 921 532 84 936 411 250 765 757 493 399 158 490 526 446 183 100 157 122 514 406 388 901 772 936 213 416 414 155 273 119 384 912 90 35 594 610 636 255 268 810 936 724 121 899 253 80 76 605 850 607 294 552 783 461 849 175 556 557 277 827 989 214 210 973 513 330 385 466 537 870 661 785 642 448 168 410 675 49 939 959 87 702 192 48 4 907 614 95 702 899 141 641 30 459 276 170 920 61 405 174 27 315 314 333 906 188 935 113 473 385 263 483 13 397 146 568 582 85 246 306 532 123 31 906 704 292 474 41 543 595 449 909 549 257 857 622 630 602 106 894 401 528 56 773 978 347 87 620 633 368 400 835 481 93 887 795 698 168 692 907 782 284 489 238 513 51 314 344 823 151 350 251 923 709 953 768 416 937 146 187 1 764 296 278 91 129 8 4 317 492 175 206 259 725 687 135 631 854 773 372 356 304 571 245 326 24 26 548 391 860 759 167 297 287 638 688 338 507 947 518 345 539 429 124 457 679 265 469 737 320 159 28 191 705 152 362 509 436 65 982 100 26 885 663 305 375 231 114 716 445 459 473 876 864 37 160 905 648 428 214 667 859 220 101 261 432 425 389 690 208 592 580 223 689 965 949 86 1 230 843 57 893 572 730 935 817 7 173 696 578 140 652 957 816 222 16 675 786 911 446 521 975 381 564 700 367 632 606 956 227 928 756 994 240 370 77 749 916 282 822 813 835 740 531 524 798 202 708 355 311 974 721 188 878 381 503 79 365 440 301 209 353 286 957 900 346 431 783 30 18 976 904 925 131 750 482 357 588 149 214 324 545 527 513 812 484 720 714 488 819 636 500 71 684 731 874 927 530 706 478 512 175 464 981 736 349 244 560 774 233 167 849 291 851 397 934 803 456 204 565 727 390 629 151 378 802 726 751 950 63 464 619 496 617 784 682 856 371 499 360 816 563 929 407 241 771 538 193 974 115 451 231 825 852 573 442 890 727 371 325 466 890 960 674 498 466 386 78 723 615 678 111 351 49 574 109 748 913 471 454 33 311 555 848 464 261 834 588 387 254 570 652 34 138 903 686 325 434 435 427 820 326 551 945 475 554 792 433 703 943 419 316 979 32 88 520 426 399 587 954 319 290 701 279 117 267 963 179 307 263 147 95 808 404 924 190 654 303 206 728
10
5 5 8 6 1 7 5 6 1 4
20
14 10 5 1 17 16 1 12 6 17 9 1 18 8 11 10 14 5 12 6
1000
419 872 77 725 806 209 734 621 80 742 397 375 844 3 649 728 964 506 254 48 747 608 516 683 959 978 948 675 395 95 16 793 482 361 716 807 96 440 264 693 550 821 132 626 984 69 498 20 591 829 874 868 590 527 341 387 434 15 993 76 181 674 372 534 464 229 565 152 46 913 316 239 530 207 682 60 330 333 508 9 169 244 135 763 114 657 457 426 838 622 536 857 424 539 30 901 811 876 903 357 468 788 454 404 629 89 752 165 854 351 521 473 109 553 430 883 62 520 287 736 787 791 692 982 195 775 155 396 340 407 198 43 432 240 83 627 328 963 462 266 885 745 27 448 755 398 601 576 435 370 915 68 196 314 127 597 647 711 469 767 961 909 232 200 108 355 812 690 32 976 823 701 855 931 548 178 217 176 562 587 61 798 902 285 994 623 310 385 477 136 359 612 569 293 991 153 965 131 783 164 881 574 526 53 112 724 74 319 6 382 556 106 439 820 980 743 873 418 867 856 809 940 583 771 276 500 376 486 656 998 412 163 916 705 865 505 577 334 72 134 149 749 463 82 533 900 452 286 261 302 111 455 320 19 943 688 907 845 437 305 249 825 292 39 972 140 13 413 786 280 843 930 291 641 696 411 337 983 926 79 977 358 921 645 184 248 119 93 942 698 474 263 194 842 162 383 651 549 460 51 655 250 55 542 260 850 878 794 981 187 204 707 754 154 810 71 470 81 208 988 541 973 465 896 379 189 392 312 438 339 374 190 78 238 894 750 277 986 273 566 543 730 681 535 417 514 102 778 592 770 702 602 614 962 636 632 100 639 191 659 34 517 708 774 941 727 242 502 780 150 997 581 58 331 957 741 461 141 325 785 401 210 296 699 188 618 694 547 726 802 772 228 777 824 408 128 11 4 449 847 381 679 800 104 585 877 956 167 491 950 849 231 509 532 927 833 345 677 10 205 571 906 732 594 731 88 836 554 490 115 712 133 952 57 925 546 259 667 678 493 487 91 570 125 49 756 1 879 399 723 935 247 782 103 652 676 87 388 278 64 695 139 704 393 323 600 644 453 159 317 762 1000 624 880 665 304 211 525 484 773 753 33 938 245 863 511 951 202 251 540 409 709 919 650 528 826 971 47 586 226 852 368 719 939 236 18 974 920 717 898 831 568 596 346 483 664 362 946 759 118 185 660 566 538 478 203 156 495 687 73 751 414 14 996 344 899 828 329 979 990 987 234 663 892 944 436 85 257 888 41 813 871 932 846 789 496 558 887 476 893 433 761 180 839 67 340 441 512 193 443 421 628 604 121 662 853 237 523 835 744 332 222 223 661 891 499 369 598 795 431 243 349 620 120 758 834 274 588 740 466 147 295 968 494 848 267 718 22 410 914 911 643 272 282 638 947 966 386 733 955 8 605 186 488 859 66 143 161 105 442 814 356 444 148 858 294 642 615 445 680 606 637 378 467 284 992 157 107 672 405 297 625 862 886 301 258 86 875 595 910 584 575 253 607 475 779 922 815 908 12 616 860 367 497 28 456 151 572 402 640 343 75 24 110 945 311 861 327 803 168 177 123 40 790 300 275 735 290 54 970 172 241 52 954 318 613 797 175 573 225 904 256 934 513 822 35 869 960 503 619 146 764 44 206 299 389 252 851 805 342 113 423 738 7 697 90 818 671 917 599 420 360 94 580 142 70 21 579 347 336 406 799 481 313 145 446 635 99 792 937 425 471 84 271 126 796 160 864 841 350 224 391 227 364 918 995 117 348 666 928 837 59 199 949 380 269 129 166 555 830 122 720 321 308 489 766 882 182 38 403 447 390 689 817 729 5 36 686 617 192 97 531 634 631 268 870 804 737 56 214 42 715 171 394 262 969 889 537 50 216 524 866 416 29 450 427 781 472 564 958 769 458 673 144 429 270 400 158 610 306 897 501 213 630 307 220 92 173 377 315 703 653 485 384 559 832 219 633 884 816 552 2 768 459 557 98 967 746 714 953 201 37 116 218 197 373 130 668 827 924 710 544 560 335 999 324 212 510 654 246 221 183 522 303 975 422 589 669 326 722 611 480 23 519 808 233 739 691 63 515 283 352 748 890 561 279 415 363 819 929 174 670 179 713 451 658 760 578 504 706 365 609 255 545 685 518 989 137 784 684 648 298 936 479 912 757 593 840 25 338 765 354 138 17 582 551 923 603 31 700 985 265 322 507 905 170 281 26 288 215 309 124 721 45 492 366 567 101 235 353 801 646 563 289 776 428 371 230 895 529
50
23 17 11 22 29 21 39 40 37 31 26 5 10 46 22 27 3 42 37 39 44 43 38 49 36 46 18 35 34 48 47 4 19 16 1 20 40 4 13 24 34 12 28 2 47 21 25 33 30 41
165
101 77 22 28 85 68 84 162 67 25 127 36 34 23 159 59 18 60 6 116 19 144 151 101 65 10 139 18 74 84 90 105 116 51 6 97 17 136 150 100 5 161 118 127 143 17 65 57 43 47 119 126 87 133 32 14 133 89 141 72 143 110 136 128 128 150 153 19 55 99 107 4 139 99 157 153 151 159 138 141 90 83 124 106 138 123 5 134 54 116 51 165 94 67 94 27 137 3 154 143 26 122 123 76 73 18 39 118 161 62 164 119 51 38 88 86 52 34 146 61 66 161 145 77 12 78 107 65 157 162 37 107 55 135 105 114 36 141 135 4 79 19 40 156 98 112 54 119 147 122 56 76 106 38 132 154 67 95 96 155 102 165 136 156 85
1000
833 462 76 15 758 873 934 692 582 180 238 625 634 871 957 427 887 418 987 354 376 481 249 9 866 595 65 649 747 841 89 973 34 443 603 386 956 273 208 643 137 849 140 588 13 283 695 143 897 723 660 30 860 998 135 817 345 435 70 901 303 379 893 775 71 394 264 16 922 738 787 307 267 688 845 949 328 561 876 290 449 525 387 493 105 459 258 296 526 75 389 202 591 960 318 55 282 680 300 545 110 831 710 288 784 943 422 647 97 216 606 323 380 392 821 730 903 932 343 796 209 713 516 925 701 970 148 679 419 98 219 253 505 14 622 7 285 278 976 931 83 358 24 332 87 586 869 141 497 363 733 651 913 802 945 741 650 763 604 178 825 534 573 190 327 939 771 455 746 990 86 979 983 155 795 673 10 997 548 830 406 96 259 485 79 824 765 744 48 298 938 495 620 742 436 503 792 940 237 408 361 90 265 319 438 60 518 45 468 927 109 239 916 874 342 587 260 334 546 321 629 790 193 928 722 426 175 205 955 559 773 946 279 489 690 935 134 291 242 396 729 553 6 164 799 494 349 751 635 476 549 666 411 848 248 718 458 431 212 25 483 206 539 662 38 628 536 523 832 793 788 488 424 676 920 58 636 810 150 840 4 348 305 776 417 339 385 365 311 366 989 560 704 210 715 663 272 234 672 863 163 890 992 953 907 251 572 658 540 678 230 52 2 425 444 29 404 277 293 80 490 661 977 67 18 638 884 789 858 705 780 336 565 785 816 550 121 659 867 301 510 547 1000 460 895 416 133 21 646 312 664 478 122 736 263 950 62 908 514 630 995 338 114 533 501 454 594 412 852 115 123 761 815 309 138 811 511 654 575 186 464 440 800 515 566 596 47 128 502 555 589 413 808 963 218 149 978 182 621 681 100 697 78 195 879 981 196 982 99 767 803 469 623 986 570 749 176 850 1 670 88 590 641 584 506 381 184 613 405 320 32 457 948 353 395 592 314 420 166 557 33 162 467 447 421 491 961 507 112 686 19 712 975 910 331 684 941 804 519 299 51 92 126 401 364 600 139 818 862 675 225 896 232 909 764 287 197 108 756 297 280 899 101 952 146 926 221 739 169 699 466 524 252 721 474 633 172 828 904 189 388 498 220 777 194 50 637 968 211 851 888 759 782 415 26 324 433 731 306 477 125 74 53 574 391 276 77 611 870 615 891 521 261 393 28 442 400 509 119 399 344 900 781 562 201 753 865 872 936 179 605 969 674 93 580 772 241 432 834 91 68 73 59 639 160 857 880 905 838 754 842 168 145 837 375 154 923 439 527 106 445 8 967 423 826 648 430 717 520 414 617 892 544 200 268 397 330 289 914 362 538 974 266 959 513 930 783 912 46 994 836 434 844 39 616 226 407 203 82 204 720 256 972 563 820 543 23 656 104 72 508 500 192 129 157 798 724 868 875 801 244 378 174 352 558 951 640 822 224 947 962 428 35 20 40 57 703 130 714 645 984 274 847 835 698 398 583 685 167 161 131 774 996 113 473 482 402 644 136 929 740 504 655 275 54 49 215 124 813 602 618 213 779 27 846 735 340 814 568 766 317 231 607 341 532 576 116 37 36 971 512 915 898 593 450 31 993 284 760 461 745 463 356 609 355 755 668 214 569 144 894 403 295 854 878 988 69 151 470 120 693 667 966 809 446 359 601 475 337 794 706 5 257 597 542 942 199 165 152 453 12 142 360 11 725 911 153 437 471 806 839 294 322 517 84 843 853 247 770 486 177 254 917 805 85 111 118 958 42 965 529 370 127 382 207 448 313 696 286 347 465 883 579 487 886 281 117 691 377 964 374 732 671 727 492 856 709 564 429 687 677 861 598 889 531 614 270 541 906 357 22 441 181 528 107 918 921 95 902 530 103 325 246 855 702 626 882 255 823 56 371 390 683 864 567 479 17 227 147 653 954 937 452 383 752 762 665 708 198 737 187 451 581 786 171 819 750 223 367 302 551 81 716 642 262 768 652 269 552 748 222 472 599 170 132 757 229 43 368 627 315 183 64 173 329 711 881 191 669 236 797 185 632 292 245 271 608 159 66 188 612 456 924 384 484 156 631 585 571 694 228 350 316 985 233 44 791 619 991 577 919 859 980 235 369 769 326 409 243 94 556 158 743 734 610 829 308 335 554 496 728 689 885 522 778 719 578 41 700 217 310 933 250 657 372 304 682 624 827 351 812 480 807 537 373 535 333 877 944 999 3 726 707 240 63 61 102 346 410 499
873
355 364 241 487 659 407 421 771 138 156 32 205 824 26 643 69 828 696 116 655 847 628 14 351 822 658 269 802 176 865 5 449 690 654 457 544 225 442 563 716 505 834 34 502 169 553 836 336 402 870 761 742 195 552 396 575 61 324 23 467 443 233 637 295 412 70 481 113 206 47 66 456 162 270 692 287 424 37 669 91 119 381 290 15 566 646 740 97 349 288 817 685 293 845 484 437 274 28 670 245 207 867 306 331 660 192 769 275 793 522 251 230 751 551 346 278 666 738 9 443 614 704 470 671 605 595 152 136 127 106 866 830 361 763 755 455 311 389 374 307 2 68 603 82 414 826 745 104 786 460 27 859 296 554 6 446 736 341 434 474 799 475 189 11 280 392 310 518 186 849 555 228 161 431 690 394 693 538 391 482 30 594 620 328 16 121 134 1 432 862 115 766 476 250 602 416 791 279 330 717 770 440 688 105 806 713 634 90 687 265 58 514 523 165 372 102 43 506 808 816 714 757 444 453 698 249 526 345 501 379 844 541 524 473 260 597 267 680 809 568 213 191 301 367 268 281 157 561 792 622 454 539 565 167 724 291 114 582 861 13 182 140 543 244 155 800 574 282 397 314 129 611 44 373 762 491 693 858 321 631 252 673 787 89 711 837 398 487 683 503 843 408 299 504 390 198 354 420 100 122 180 33 848 334 403 284 763 863 427 400 472 545 649 217 854 559 41 352 375 309 108 22 196 606 174 782 143 84 75 253 692 757 110 146 52 135 650 185 731 585 94 96 489 750 357 214 24 177 645 109 497 211 272 77 684 95 535 485 413 578 527 433 8 371 702 586 616 749 617 613 624 471 589 547 142 441 231 73 807 3 819 302 777 144 164 166 85 273 797 873 857 316 652 10 486 190 811 426 256 510 864 494 686 283 764 368 51 117 803 576 793 80 814 271 746 812 639 344 378 303 133 72 42 56 850 298 172 511 131 200 815 765 277 741 779 466 315 820 289 362 626 98 373 437 776 18 469 123 208 831 774 871 708 678 50 571 380 320 255 262 653 588 823 212 160 697 45 719 548 92 732 74 7 798 450 533 674 370 813 63 493 264 860 4 235 768 178 439 170 218 177 319 520 159 337 419 780 78 130 383 656 109 730 444 841 642 183 221 406 219 325 754 743 203 842 423 318 294 297 259 385 682 579 463 609 158 681 224 93 369 335 720 348 234 599 199 366 488 468 40 804 254 237 562 731 519 663 220 610 263 542 353 429 209 608 409 401 516 48 382 765 222 332 795 438 55 675 229 145 395 168 759 333 150 376 305 668 257 128 204 784 590 852 125 240 67 818 464 508 672 629 62 350 560 310 789 739 483 99 141 694 436 342 821 525 647 498 338 312 425 564 232 532 651 735 411 452 147 556 855 101 153 636 478 132 752 530 53 662 197 785 767 17 778 477 243 630 839 31 60 715 313 181 448 705 215 601 540 783 137 607 239 36 276 400 521 495 699 261 825 676 753 227 618 633 194 76 71 358 46 148 377 202 54 572 404 459 536 19 810 20 238 300 458 73 701 201 258 644 582 827 706 515 722 79 490 583 120 343 304 869 623 513 748 570 733 728 88 184 242 149 340 447 410 851 721 805 581 797 604 612 163 577 528 387 323 248 512 703 723 734 178 445 760 517 734 727 223 388 480 627 632 479 801 772 725 418 712 399 393 689 756 737 29 247 57 531 210 386 679 664 339 499 422 707 710 435 326 695 405 139 593 790 529 151 596 557 173 558 35 112 856 591 124 322 492 462 758 641 747 39 726 621 549 266 619 719 461 700 561 509 286 534 417 638 356 236 587 827 832 840 216 87 187 773 175 569 846 709 81 872 359 550 38 677 868 717 635 537 661 794 25 64 363 775 360 193 49 347 833 744 21 329 648 332 83 107 12 246 285 829 307 171 188 691 430 65 835 685 365 718 86 384 465 331 118 327 781 546 507 496 126 584
100
89 12 38 50 78 82 45 43 80 80 51 52 72 17 41 47 26 55 46 98 35 77 9 94 98 14 12 56 11 99 49 95 13 87 96 92 81 96 98 52 47 100 83 33 38 54 15 59 70 61 29 27 46 56 18 46 15 54 47 77 63 13 50 20 88 20 29 87 38 31 67 62 57 97 68 67 12 70 82 39 77 34 43 53 43 68 82 33 87 83 83 49 55 57 32 21 74 80 67 53
100
75 82 24 6 7 35 93 65 20 3 17 6 8 56 58 80 85 47 65 64 12 43 99 73 83 78 46 37 99 6 45 39 52 7 36 89 53 88 57 71 40 50 18 1 51 91 90 79 63 11 59 41 92 81 84 97 33 29 13 76 68 7 14 22 100 20 44 74 41 21 32 40 76 84 28 54 31 95 80 27 82 10 61 78 34 37 38 79 94 9 87 67 42 70 25 9 15 75 49 31
10
4 6 7 3 7 5 8 5 3 8
10
7 8 2 7 4 8 3 2 4 7
101
11 82 49 60 25 50 19 59 86 94 76 26 17 92 101 65 89 24 10 39 71 20 40 95 29 27 22 12 33 35 74 58 86 30 57 66 75 24 14 16 47 8 54 63 88 68 100 23 77 79 32 28 66 37 8 86 41 73 43 7 3 45 15 38 53 91 69 6 62 52 81 19 61 64 90 31 85 46 5 43 2 93 34 1 96 83 47 42 67 21 51 78 82 44 13 4 67 85 48 99 84
572
173 296 141 241 478 275 470 203 152 423 541 328 111 238 235 144 451 312 435 483 327 339 297 194 193 130 560 486 32 350 88 179 413 84 200 367 539 86 421 384 535 389 249 78 359 59 177 407 39 122 424 490 432 534 363 516 187 33 455 61 178 231 285 151 497 494 65 301 322 181 518 293 256 100 255 459 412 278 496 338 264 101 332 468 267 149 246 46 229 488 404 147 29 374 11 17 233 79 484 6 273 512 473 553 3 131 279 479 94 532 5 85 320 565 462 257 63 491 498 57 386 524 536 53 474 307 214 428 163 463 292 142 408 245 542 126 465 528 58 195 259 208 263 288 299 283 224 547 20 319 323 400 104 405 554 295 507 355 64 270 526 107 182 561 105 74 444 393 247 331 441 426 481 427 375 60 280 22 360 226 206 222 189 2 485 253 42 406 431 305 317 454 509 145 113 80 342 364 250 54 276 531 216 430 442 108 191 199 515 75 260 183 546 417 415 566 385 362 44 352 284 132 499 358 324 325 348 156 376 379 228 254 123 77 368 95 272 523 373 354 563 543 398 308 26 537 169 391 133 311 525 548 448 467 469 540 99 326 310 211 28 176 143 160 83 204 436 158 70 388 396 449 49 119 457 549 230 219 125 334 471 495 127 221 27 476 394 239 475 529 55 466 552 209 1 513 303 37 161 460 443 492 315 258 73 402 136 345 162 281 129 333 429 116 18 343 207 504 225 472 440 10 159 298 572 304 90 349 556 380 89 458 23 168 124 461 456 13 157 329 559 401 282 43 381 567 538 112 420 557 336 286 56 128 268 248 35 568 353 188 550 218 291 198 251 261 213 266 184 545 519 197 562 15 489 102 337 87 277 69 289 52 503 517 410 347 41 508 120 47 530 477 397 202 14 271 138 290 433 505 164 234 382 521 186 438 520 445 434 217 103 377 212 361 201 411 511 140 533 110 446 555 330 522 9 172 146 452 313 109 139 185 346 237 501 166 31 93 51 551 19 205 242 82 344 7 265 154 117 564 370 502 294 447 366 306 227 192 76 569 351 300 371 357 175 453 232 321 150 482 92 50 383 40 4 220 24 493 25 403 62 167 38 314 335 437 414 387 395 480 91 419 369 544 274 98 148 316 67 135 450 240 514 340 356 236 262 81 269 302 174 422 196 558 210 45 118 71 134 571 309 365 155 30 439 341 114 390 243 425 287 510 12 464 21 97 378 121 36 527 506 48 68 66 570 153 223 252 215 487 115 72 106 137 170 318 418 416 392 409 372 16 244 171 190 8 399 165 34 96 180 500
100
8 56 16 49 70 29 99 84 78 12 81 97 72 79 65 18 59 68 76 5 31 14 3 26 45 55 36 2 94 52 98 48 1 93 37 92 40 34 24 63 38 46 50 85 77 100 13 23 83 82 71 66 89 19 87 11 27 75 32 22 53 60 80 43 28 9 62 20 47 33 30 88 44 42 7 57 39 90 17 58 67 54 96 95 74 6 91 73 15 86 51 69 10 41 35 64 4 61 25 21
51
23 33 1 28 17 10 19 48 20 27 3 39 9 16 49 29 10 2 8 35 46 24 30 21 22 14 5 4 44 40 15 36 28 17 32 34 11 25 42 50 4 26 37 41 51 18 13 31 6 45 43
59
42 46 41 25 38 40 12 4 48 24 16 10 16 15 19 3 28 55 32 37 34 10 52 43 54 39 10 30 22 4 21 11 2 53 29 14 10 37 50 9 13 6 23 43 12 18 51 47 56 13 8 58 59 8 17 36 45 57 26
200
79 64 121 133 10 34 122 172 90 86 174 92 50 43 126 109 192 89 185 44 55 129 112 41 123 166 29 91 161 54 6 138 82 167 92 73 5 95 38 60 172 66 102 8 16 58 122 59 138 79 18 68 44 145 13 148 94 175 48 84 182 60 60 88 134 74 83 17 158 119 14 77 92 138 189 128 65 97 181 67 199 159 73 57 118 145 119 172 124 181 127 134 163 3 44 112 164 180 144 197 30 103 110 122 156 36 166 70 106 200 177 184 118 184 19 149 110 34 20 185 99 200 196 187 46 125 93 61 102 141 51 131 53 30 172 26 8 14 24 55 1 82 136 191 111 154 31 111 13 145 184 10 60 195 71 186 164 191 184 146 71 118 76 124 199 18 140 67 121 135 167 192 188 190 191 145 9 194 93 128 55 96 109 128 72 143 85 158 148 80 73 3 120 18 176 42 157 113 176 177
10
3 5 8 6 3 4 1 4 8 6
200
30 19 155 37 180 104 161 53 171 195 66 174 150 75 78 84 118 5 127 125 74 176 165 36 177 192 185 168 137 145 34 18 180 45 10 171 21 21 6 164 135 60 44 92 4 82 81 40 176 195 15 14 109 62 38 97 9 59 67 96 153 66 185 159 17 54 55 190 132 58 76 50 123 151 190 131 125 128 107 152 16 133 118 22 69 84 166 73 45 26 29 33 66 50 28 197 170 125 162 88 171 196 187 185 38 125 40 154 61 82 28 119 134 180 140 112 83 182 125 40 89 73 20 196 144 24 149 84 6 72 70 17 43 162 63 165 189 69 174 113 78 46 186 77 12 62 82 167 189 162 39 32 83 92 23 190 108 78 164 56 137 80 160 4 144 74 78 109 148 178 140 129 62 53 143 63 133 121 85 83 165 152 112 169 135 92 179 197 89 74 45 84 119 12 153 146 172 189 154 194
500
438 421 110 123 412 198 388 372 123 306 219 362 5 74 205 143 154 8 422 45 495 452 171 36 281 394 68 464 267 418 316 306 112 480 143 21 143 245 195 487 100 158 421 333 248 339 319 103 9 291 19 223 300 84 142 3 242 49 162 220 244 166 115 69 411 336 174 400 303 183 396 285 454 403 43 194 472 434 438 353 38 135 489 46 173 157 287 39 345 189 36 354 230 108 375 253 109 282 165 24 325 17 356 456 228 429 80 304 408 361 406 451 184 218 459 276 8 182 291 48 366 243 73 497 348 311 442 434 9 59 174 382 380 413 149 85 138 109 81 401 219 395 118 295 224 92 260 207 486 309 48 397 374 28 363 406 436 186 281 345 227 314 494 15 177 140 452 404 27 104 74 399 473 318 150 440 42 66 430 418 61 98 190 261 448 424 53 103 342 129 279 415 173 231 94 257 309 252 399 239 3 248 237 389 6 252 329 99 422 423 492 331 499 316 376 123 97 148 11 20 36 481 294 81 398 107 275 125 118 185 217 260 58 143 370 286 414 441 50 483 113 498 247 138 179 433 274 425 450 26 432 188 483 435 366 278 310 172 233 311 78 470 234 415 416 476 347 218 58 265 236 301 306 64 224 332 259 115 29 257 497 8 355 422 101 32 88 329 42 421 358 271 407 140 258 236 341 58 50 60 163 327 204 41 61 1 176 396 256 447 337 460 26 12 262 313 485 313 324 148 252 140 332 97 450 232 105 297 211 160 315 466 390 499 382 364 384 159 287 166 327 385 385 189 402 494 292 6 176 430 193 446 135 187 163 55 214 449 260 198 202 315 162 95 446 246 273 214 119 306 161 386 368 5 340 215 129 219 141 163 243 122 230 150 479 483 259 33 116 23 50 407 192 265 406 143 53 490 342 445 354 237 95 367 382 293 366 196 157 400 131 376 135 65 300 290 363 210 13 76 484 32 136 383 468 17 82 266 72 25 235 223 44 181 382 360 170 307 40 226 143 386 464 277 359 331 84 480 277 59 169 238 152 418 445 297 462 377 148 108 240 84 2 254 463 106 353 437 232 499 466 490 199 366 11 411 199 447 161 119 421 471 102 7 4 113 225 339 234 498 289 487 47 452 347 201 208 330 494 111
100
41 88 38 61 60 100 100 84 98 4 16 24 5 70 91 9 58 44 2 93 75 47 86 52 21 55 1 48 77 35 33 57 53 81 14 6 28 6 1 37 7 73 42 30 68 7 90 72 96 38 3 21 68 74 94 55 76 56 51 15 58 65 64 11 4 40 68 80 80 63 97 23 87 33 36 8 2 1 34 51 89 4 38 49 99 87 62 71 39 18 95 31 77 79 93 13 12 92 48 47
1000
362 231 539 990 840 147 24 831 461 419 949 525 335 896 622 293 368 171 705 597 936 545 600 700 313 566 203 349 867 779 488 749 757 510 879 61 976 68 718 563 788 447 298 875 770 523 869 855 894 967 912 802 253 502 909 33 210 574 834 96 550 481 441 219 453 271 652 51 378 585 677 32 996 150 375 113 685 218 438 836 724 617 97 227 541 756 2 593 589 25 287 335 637 150 299 931 237 99 625 921 260 139 459 899 255 897 164 92 369 627 84 930 523 469 582 102 833 746 422 370 585 870 908 480 949 995 702 140 8 474 578 16 6 758 334 679 747 431 547 556 900 651 847 568 329 902 67 258 932 725 596 974 19 73 708 151 553 80 890 343 645 404 365 33 847 243 280 535 647 359 493 273 348 657 189 778 997 304 616 423 989 417 763 513 942 68 941 769 979 486 39 88 319 967 759 621 520 792 514 186 966 762 285 512 267 480 973 246 32 303 896 984 631 558 530 766 619 893 819 947 356 416 469 384 905 696 951 737 256 596 464 144 538 261 312 91 434 411 514 387 154 925 543 914 412 428 131 928 667 629 306 234 497 539 995 548 770 728 438 805 795 540 763 875 465 262 173 834 973 492 581 957 10 866 329 360 576 709 736 823 127 536 877 704 938 468 963 308 78 537 899 750 481 923 563 41 725 858 841 274 505 225 736 816 418 554 104 773 112 885 720 208 204 251 939 714 425 853 660 701 409 254 374 241 476 696 742 376 358 877 839 809 954 666 197 439 869 703 677 958 776 7 532 583 135 786 745 633 83 751 87 383 463 342 535 560 903 381 458 445 901 160 962 410 385 112 800 325 323 969 734 767 250 494 887 314 699 328 516 48 369 734 495 935 873 283 732 575 100 139 965 179 414 403 533 503 714 722 240 352 606 447 673 433 394 185 828 604 669 606 982 39 479 111 438 34 502 248 916 305 808 929 592 278 738 996 483 515 277 918 184 37 107 813 518 341 138 176 99 799 259 950 273 482 955 131 716 694 793 100 346 182 561 460 339 507 264 324 105 326 810 440 801 4 157 695 815 781 642 110 130 205 667 800 437 832 830 233 43 41 252 467 691 674 457 753 1 658 454 531 356 876 65 275 663 148 559 579 632 372 371 851 693 898 901 992 490 283 845 284 355 791 118 436 741 854 952 338 665 603 344 103 180 246 225 476 78 326 735 491 897 862 167 760 166 30 163 346 680 571 822 614 970 67 770 168 586 29 946 397 141 198 861 686 546 420 71 904 429 721 529 298 742 392 458 172 132 134 421 907 250 300 317 236 406 739 377 860 95 57 136 311 710 189 200 350 874 340 787 817 229 477 501 556 258 859 125 962 421 872 193 521 948 854 223 730 214 617 674 640 346 333 692 505 244 885 590 1 217 780 402 733 205 108 5 195 345 48 882 917 726 992 212 290 391 162 993 764 783 944 581 364 609 985 827 822 102 266 307 190 804 685 748 18 343 871 63 689 969 922 277 684 845 23 917 782 496 347 81 840 235 986 446 649 351 253 943 755 915 21 978 634 638 115 999 378 386 864 37 414 400 137 622 826 727 587 221 493 412 883 790 216 485 466 824 108 112 551 641 769 305 526 462 238 784 957 60 672 35 895 398 215 713 898 281 601 416 187 671 605 807 909 715 989 18 353 717 819 676 656 671 906 409 254 687 475 500 806 155 430 169 688 456 736 684 723 636 881 379 591 499 675 58 211 684 74 870 610 947 818 192 121 144 49 27 75 435 174 366 318 835 470 399 117 659 93 775 572 623 103 360 717 888 294 132 113 34 602 810 878 580 591 328 194 471 449 923 886 336 86 683 951 143 639 794 959 598 850 956 618 668 653 268 579 552 22 681 628 982 796 20 752 503 911 615 977 470 682 938 332 153 209 800 286 483 890 349 270 164 448 588 393 651 123 635 133 627 924 719 405 774 820 692 17 610 206 534 514 920 863 519 78 682 1000 435 785 821 101 891 286 288 648 389 851 584 865 868 646 937 31 156 578 994 265 678 384 650 315 968 72 612 573 292 557 991 971 47 626 814 852 395 772 834 844 424 974 119 932 763 158 342 960 934 269 442 407 240 128 656 983 825 889 242 444 811 549 903 89 743 848 473 161 607 569 20 322 798 624 988 499 910 196 35 981 25 146 517 452 12 631 288 177 919 644 407 431 620 643 940 555 964 163 413 26 153 846 907 406 564 262 542 36 282 623 40 577 844 129 771 675 304 933 478 664 320 170 608 319 856 489
320
277 12 219 317 210 168 258 84 101 37 158 105 132 76 185 137 124 87 54 178 152 269 226 79 298 54 320 51 303 189 317 22 287 178 245 181 231 40 215 112 206 147 50 191 46 35 167 277 246 141 182 212 309 241 230 204 270 264 198 214 256 256 288 186 91 31 123 44 200 85 58 61 297 81 35 96 37 70 207 37 165 149 194 124 74 166 300 121 254 121 13 129 14 320 246 6 94 304 263 319 251 65 68 22 319 255 262 154 141 250 224 240 103 41 95 64 178 54 294 106 34 117 54 101 40 233 47 278 280 215 45 291 260 102 69 220 59 296 64 53 43 3 275 79 253 206 247 195 20 144 266 48 223 207 74 39 170 307 229 153 320 144 70 292 279 154 65 56 298 31 4 232 3 284 37 147 3 106 176 46 90 27 281 313 271 89 317 269 287 52 259 308 177 131 151 163 23 175 59 129 239 101 241 265 83 119 174 53 319 217 145 138 28 299 53 123 88 163 176 267 259 55 21 281 194 310 188 85 71 270 167 15 310 88 40 246 198 201 51 156 293 36 293 286 305 87 195 144 192 160 101 93 30 79 5 128 23 299 232 14 84 11 240 71 260 142 121 183 301 57 94 129 280 255 14 138 170 128 241 309 183 216 247 164 201 82 153 272 124 266 10 319 163 276 254 246 49 56 81 206 77 135 180 82 205 106 250 221 235 151 245 101 135 139 87 265 160 113 162 308
400
51 160 25 250 164 306 390 203 45 41 52 89 379 68 221 296 365 97 249 53 144 398 292 207 290 399 196 64 73 365 10 362 320 288 380 66 289 189 96 144 95 172 199 396 221 218 48 374 30 236 101 36 352 55 308 149 382 156 215 138 35 154 202 210 44 268 107 174 41 224 341 22 285 130 392 272 329 121 109 1 87 191 35 75 136 131 276 195 318 261 103 248 291 398 72 336 368 269 302 367 82 105 115 161 77 256 391 47 167 33 170 287 137 132 173 58 205 303 187 378 46 65 206 314 177 244 223 256 102 215 363 8 178 335 98 235 108 312 189 171 88 361 301 114 346 151 21 274 9 215 60 153 232 213 355 313 203 190 326 20 219 247 110 281 188 67 275 364 119 247 194 300 315 293 306 298 59 322 340 82 359 41 177 53 140 375 345 153 358 224 120 360 294 11 239 126 216 178 334 324 216 362 172 349 367 333 366 105 3 222 57 83 141 3 14 32 297 168 325 343 155 204 183 148 353 34 165 243 350 215 246 146 198 67 23 316 212 252 309 265 132 394 200 160 318 220 228 119 90 326 323 356 273 389 211 111 266 332 28 85 139 295 293 260 181 273 178 113 93 122 118 106 186 381 240 379 193 83 17 134 141 226 383 150 275 181 176 255 99 185 260 217 351 79 125 84 310 199 259 295 327 388 122 78 395 348 371 242 158 16 296 214 123 56 280 370 322 116 151 4 19 346 321 339 259 24 227 236 305 73 179 60 354 169 257 112 124 219 147 142 229 166 397 143 103 163 287 245 238 282 246 306 304 26 182 81 372 277 353 328 236 390 29 385 393 377 289 357 223 124 279 179 104 129 344 400 251 202 76 371 54 18 39 297 278 205 271 387 243 283 161 342 98 386 196 229 80 233 5 29
200
51 107 116 112 76 116 183 174 160 175 170 185 127 101 68 22 96 37 67 4 183 29 180 20 46 79 188 48 115 162 154 68 15 117 53 2 9 200 19 109 83 3 73 171 40 105 123 20 194 110 195 63 35 64 178 167 98 49 184 140 145 66 47 21 7 8 114 166 116 14 48 10 33 196 120 185 94 137 70 115 197 142 77 132 84 44 163 30 68 35 11 62 168 2 187 60 26 57 118 11 38 56 47 52 85 148 26 129 160 152 144 200 13 131 20 119 131 191 185 163 66 143 170 10 16 56 87 11 43 145 146 180 27 17 37 176 54 73 59 189 105 160 163 137 13 184 113 124 144 192 92 72 38 165 109 140 2 138 171 92 86 164 81 39 142 1 50 67 15 11 44 182 57 7 16 136 69 15 175 52 23 37 7 128 27 180 114 58 15 87 3 2 56 159 161 90 137 124 128 112
20
16 17 12 8 10 19 17 15 13 13 4 13 14 4 19 12 10 1 18 19
997
883 294 326 312 696 59 352 801 831 918 620 971 342 309 669 714 488 158 762 618 123 201 45 726 578 204 629 747 751 76 157 314 941 375 587 34 796 651 396 214 837 818 154 811 534 509 985 613 271 646 112 379 285 239 86 931 345 841 719 64 328 952 639 257 787 832 198 195 424 342 846 708 406 289 189 397 220 472 434 6 529 905 956 860 939 671 18 621 116 531 475 673 381 15 5 161 120 190 66 921 103 107 936 209 48 785 288 685 649 746 430 10 243 385 909 25 392 809 55 591 400 752 388 160 562 560 358 154 599 623 607 944 874 85 252 254 463 885 382 99 487 390 178 857 949 29 488 229 620 588 100 440 67 791 375 261 691 18 734 833 856 799 988 368 340 303 319 142 37 63 824 314 649 45 911 259 467 612 927 130 50 262 566 329 529 302 434 927 482 561 698 287 31 970 68 459 817 940 849 80 22 963 873 291 122 982 979 82 585 43 471 611 180 2 503 980 192 239 486 842 924 228 849 438 190 384 682 653 633 828 457 321 664 186 743 704 596 997 925 629 146 759 161 933 103 852 377 244 485 490 126 425 603 570 243 888 798 621 483 972 293 402 513 112 461 651 445 256 171 166 321 559 809 400 412 716 766 730 403 533 643 188 376 963 870 176 91 237 41 36 692 979 275 70 241 327 632 206 1 649 981 671 474 653 515 694 387 539 76 858 544 110 794 958 448 630 992 965 877 406 920 736 754 110 903 582 109 221 346 260 785 802 954 983 344 620 802 681 961 780 208 540 731 170 164 877 118 337 545 810 775 72 661 120 238 815 255 597 248 813 417 54 874 934 907 385 579 125 827 631 956 381 65 664 369 843 746 427 334 879 869 331 542 13 114 677 61 16 557 739 35 687 583 210 889 299 599 803 599 823 988 926 33 842 500 642 485 947 993 626 486 525 781 279 567 847 361 148 915 996 730 575 907 577 539 23 105 463 416 577 512 189 835 758 465 958 513 901 768 152 2 881 290 555 436 385 834 71 47 805 746 515 518 272 895 378 788 242 810 523 484 421 84 488 165 531 606 224 747 60 136 470 205 718 614 967 433 343 335 723 564 548 373 863 295 535 463 75 496 327 333 310 662 413 852 956 727 222 532 405 370 420 364 697 50 962 173 49 87 746 333 898 568 142 923 229 665 772 620 498 749 71 727 726 478 325 176 746 22 30 819 258 170 283 552 919 393 605 558 826 62 345 500 844 666 326 104 917 959 268 230 107 969 715 297 92 855 422 312 12 35 675 432 973 319 473 493 790 494 782 498 419 835 872 707 396 424 28 439 753 948 913 889 111 899 140 410 776 152 118 506 720 216 590 539 144 67 722 550 228 74 812 106 968 365 635 348 881 800 311 212 554 555 383 864 615 145 593 262 721 88 250 69 843 5 929 317 201 853 814 415 738 158 609 776 657 465 788 459 418 140 908 305 679 748 251 203 156 476 471 508 586 322 865 8 25 951 183 456 838 610 628 163 769 890 117 405 893 705 738 454 712 900 711 684 435 551 408 841 610 405 850 733 986 930 278 502 285 530 913 442 73 778 808 724 199 866 886 298 800 934 567 655 354 108 215 575 19 974 975 601 728 703 265 428 878 282 526 492 810 960 15 337 481 508 619 654 361 796 640 246 544 760 879 820 543 601 313 193 295 728 862 608 421 370 110 338 307 880 146 589 569 862 825 898 85 45 742 263 341 912 349 806 677 276 115 776 976 693 730 894 727 340 249 760 367 949 598 318 329 695 926 679 970 466 976 20 429 174 938 213 54 319 885 576 611 660 822 871 743 270 471 816 664 404 185 92 491 717 459 3 42 867 21 974 914 995 248 604 398 894 678 829 928 24 446 797 565 521 410 915 867 306 443 292 672 350 450 353 187 417 784 104 891 447 836 134 358 783 191 488 517 978 236 175 285 541 553 645 159 978 499 217 127 88 627 882 690 815 440 453 606 839 822 676 108 346 339 121 414 442 433 195 556 581 636 46 330 425 227 943 703 699 845 765 389 154 281 231 766 648 609 458 357 269 641 763 786 374 851 245 937 124 566 286 393 68 536 968 470 479 928 663 577 796 782 468 821 32 713 449 660 436 10 34 236 362 572 779 301 316 945 200 396 276 386 931 884 504 957 181 351 689 616 990 212 247 314 795 700 707 594 365 291 641 160 401 919 44 93 789 143 486 240 352 786 18 659 735 725 975 83 950 230 953 203 370 163 914 25 184 114 846 921 238 896 46
53
9 7 30 8 14 42 44 27 46 25 35 45 43 18 28 52 39 36 15 49 31 34 11 14 12 13 28 4 10 20 41 38 1 26 19 5 17 29 23 6 31 18 50 53 24 21 4 40 47 41 3 51 48
51
42 47 24 18 12 41 37 13 48 43 30 46 17 29 1 50 10 28 20 40 15 44 5 9 7 32 16 26 34 16 8 35 31 19 25 27 43 39 2 3 45 33 10 11 23 50 22 51 6 36 14
3
3 1 1
870
512 501 96 18 581 812 628 577 67 400 200 788 180 41 636 563 772 296 448 563 841 357 621 282 595 459 55 314 395 837 261 358 608 216 679 757 264 666 733 101 14 576 93 723 52 480 626 6 845 538 244 806 788 100 669 647 349 154 355 632 621 590 368 158 867 173 553 70 705 574 543 776 232 522 80 344 441 684 141 706 488 148 818 189 382 28 545 429 835 296 461 117 107 222 171 105 91 302 812 802 179 368 384 35 738 547 37 869 751 500 351 858 130 104 791 599 594 94 179 629 556 826 642 135 403 537 286 746 420 221 641 50 710 826 388 692 557 109 645 268 127 74 268 544 542 391 144 692 843 483 672 128 507 179 829 4 259 206 11 585 93 762 148 294 801 443 42 685 262 768 423 794 836 738 787 863 618 436 641 410 731 400 586 19 757 739 350 732 164 718 754 695 449 788 492 76 854 626 207 152 569 701 586 846 173 803 438 114 157 639 842 185 817 443 212 454 862 445 62 119 654 569 817 515 43 199 253 227 775 78 272 280 53 671 558 352 343 75 231 625 28 546 413 782 78 705 73 732 521 604 10 339 455 733 240 704 707 565 715 566 628 247 73 186 42 739 455 393 439 70 693 60 427 203 162 522 799 71 570 804 362 721 397 245 289 566 836 415 342 496 838 405 193 420 219 671 762 376 505 688 752 639 130 416 343 214 228 286 321 437 159 202 438 298 42 393 453 212 856 383 303 405 818 707 239 350 470 550 689 565 472 679 328 652 130 388 781 510 54 470 505 753 75 747 547 471 684 490 339 676 223 553 409 330 111 828 40 173 662 554 662 137 93 272 135 198 9 261 620 705 54 224 590 138 29 230 840 430 88 650 78 793 126 797 644 307 70 728 415 596 630 852 295 582 622 731 721 91 436 702 590 336 79 815 222 462 235 235 413 774 684 492 725 153 634 301 309 322 486 609 168 758 621 380 44 93 336 643 556 152 643 527 36 847 368 462 167 130 592 707 749 256 742 488 386 192 133 360 171 638 36 460 753 34 202 670 482 722 250 389 793 452 409 215 385 90 82 71 210 691 386 160 603 179 264 75 290 454 83 823 676 834 547 435 30 579 501 336 445 321 247 736 409 801 413 226 593 278 783 80 128 207 403 89 688 71 161 570 315 491 85 673 629 339 42 694 686 714 147 147 415 833 310 265 158 595 304 570 227 842 860 540 794 526 649 252 279 757 683 819 104 491 73 199 798 691 504 761 193 115 666 384 186 643 372 391 639 494 706 347 598 391 144 48 865 124 113 192 404 227 201 320 379 443 415 57 756 538 368 98 391 97 470 659 668 63 784 734 719 50 704 598 419 250 27 586 148 315 128 334 582 711 68 737 574 650 213 568 158 136 859 770 618 341 137 740 436 72 853 285 660 278 314 319 574 507 364 618 140 120 815 360 452 175 59 102 698 269 794 766 257 712 659 791 425 741 705 821 617 526 853 668 527 322 803 66 342 311 819 471 255 160 82 242 357 369 166 868 460 533 47 709 60 534 538 353 580 534 58 168 163 776 640 486 421 401 175 668 499 571 351 51 850 460 292 518 482 653 655 709 330 224 125 811 790 344 850 51 781 393 406 530 301 828 175 369 759 839 842 669 615 783 190 248 656 536 295 706 666 279 861 203 565 470 646 486 200 318 2 540 134 650 109 512 734 156 342 211 708 68 836 568 754 856 595 336 719 258 265 637 344 108 675 391 405 243 105 479 293 19 868 247 607 743 714 334 794 802 343 726 106 461 741 218 489 551 473 563 221 380 394 722 74 302 376 224 67 27 277 643 637 828 327 644 576 478 738 357 258 783 384 659 57 311 494 744 131 524 640 598 219 504 687 334 449 439 242 792 631 455 11 180 622 331 260 744 763 560 699 785 121 841 339 44 527 850 645 431 693 84 659 231 269 676 250 150 370 128 861 225 384 115 538 656 549 409 164 28 433 490
53
49 29 51 45 42 50 12 1 10 15 6 2 39 18 7 32 49 24 31 8 27 51 3 11 19 40 25 43 44 34 23 36 38 35 34 28 47 37 35 41 13 17 5 22 22 14 30 26 20 1 4 21 46
10
10 9 1 6 8 8 10 5 3 7
100
60 14 36 25 29 10 61 10 97 98 72 84 91 71 28 47 74 3 93 49 30 78 20 45 83 77 84 49 24 52 39 69 96 63 48 90 2 59 97 62 42 88 73 82 58 70 100 40 1 95 87 29 97 50 54 22 80 26 64 7 68 11 89 55 3 81 12 23 34 37 22 74 32 80 43 6 30 46 66 35 67 79 6 94 51 85 92 18 75 96 43 31 4 82 47 41 86 19 14 38
128
96 88 87 47 26 35 90 24 97 93 21 31 113 118 120 32 121 88 36 115 82 74 50 41 98 117 66 55 120 79 84 6 26 107 86 26 125 99 71 54 70 24 10 70 119 96 21 104 31 84 11 108 82 62 108 78 34 121 22 10 1 63 118 119 121 27 50 29 68 41 60 69 12 37 108 10 79 69 30 68 40 69 70 31 54 103 126 61 117 79 102 50 89 109 53 114 11 93 62 3 91 31 87 85 16 32 2 30 54 67 24 34 6 23 107 90 33 40 49 72 111 32 115 73 28 104 80 63
10
7 3 8 5 2 10 10 3 6 5
10
8 10 9 3 2 7 2 5 8 8
20
19 13 7 18 4 17 11 11 5 1 20 13 15 13 4 5 1 8 13 5
1000
182 388 495 327 773 41 570 407 97 132 492 256 682 245 881 276 933 218 615 918 789 322 437 220 314 967 588 982 613 462 724 240 736 586 902 917 808 764 463 47 690 101 609 135 12 939 676 661 226 439 873 683 395 952 136 292 794 50 196 821 340 106 745 995 686 213 636 260 788 1000 879 853 774 626 473 491 328 199 687 225 876 741 831 751 117 48 855 128 168 580 466 916 144 924 100 367 998 422 805 928 759 307 866 829 973 386 272 373 370 779 264 173 286 911 419 179 608 151 278 98 925 732 633 455 604 483 409 28 420 402 2 501 359 938 393 544 378 594 288 320 519 472 786 411 174 408 535 410 658 468 987 341 124 845 142 484 189 814 903 162 406 884 758 756 893 271 134 731 99 421 214 803 138 299 979 780 684 837 708 961 249 510 156 342 503 397 344 440 248 931 844 986 493 606 791 807 405 438 424 920 674 334 112 996 450 116 454 155 42 347 711 792 922 188 92 316 820 869 44 110 800 14 781 716 566 352 181 498 349 306 641 679 858 441 78 39 577 670 673 431 846 539 790 680 481 981 183 775 818 485 706 827 93 816 83 109 30 515 991 767 730 666 642 150 412 578 533 343 848 919 434 868 514 714 749 166 678 552 521 423 572 664 85 910 620 231 430 91 526 163 710 387 113 923 697 832 502 650 158 321 956 58 689 160 929 219 53 315 600 6 712 229 688 363 265 27 275 157 238 152 601 237 581 598 625 354 20 494 228 590 898 159 576 351 793 934 310 217 224 782 95 747 178 798 374 51 377 511 89 971 103 695 532 932 255 547 148 18 797 655 476 727 692 62 882 146 241 500 637 942 191 720 912 951 164 645 988 222 266 734 835 335 10 9 886 772 459 702 760 392 522 465 948 176 960 311 867 801 223 618 192 329 906 777 728 133 582 990 648 964 59 461 446 66 448 451 804 77 963 17 436 891 385 56 300 499 337 24 121 733 524 993 111 877 390 284 646 86 426 561 319 889 896 301 313 784 811 554 285 308 717 770 849 984 102 464 822 90 203 15 348 763 828 200 417 560 704 360 375 309 534 283 442 172 546 69 839 368 471 251 983 120 726 842 622 82 227 508 945 210 571 657 852 480 585 974 742 562 84 874 287 671 211 977 312 490 936 698 444 739 477 94 154 946 291 754 555 289 957 233 611 129 403 447 907 443 127 854 694 21 380 703 599 966 699 776 161 324 944 894 208 628 904 198 665 49 369 817 467 433 701 336 972 478 371 7 353 901 926 840 761 376 60 331 339 304 202 865 575 74 71 195 958 768 504 171 88 715 752 935 997 167 900 591 662 878 23 332 681 603 302 638 755 796 243 36 63 660 718 959 644 850 418 184 643 297 244 453 897 927 55 830 294 647 261 147 487 279 215 823 517 145 435 242 193 40 930 416 22 76 748 735 505 425 954 969 381 705 87 52 130 104 317 8 186 531 507 246 460 862 525 892 474 783 559 899 740 746 259 573 629 258 725 713 16 396 863 512 29 857 769 356 429 479 415 654 170 326 589 631 737 719 614 165 263 691 153 137 738 280 506 107 766 558 197 743 568 548 569 114 635 216 564 632 915 723 140 115 947 318 841 696 584 542 675 540 619 634 364 253 4 864 545 583 649 721 567 530 762 204 72 970 563 707 975 953 469 11 61 771 847 810 5 651 177 274 64 520 295 888 81 653 35 627 149 194 826 45 141 537 401 270 677 452 361 207 497 843 277 293 833 1 787 914 273 592 602 693 597 909 871 859 950 750 529 612 33 860 118 806 394 992 125 812 824 413 305 254 399 778 234 980 553 131 143 623 365 528 96 19 624 872 672 25 962 180 384 722 432 346 355 303 937 985 565 536 57 457 753 236 617 550 205 250 269 667 366 257 391 596 358 190 610 323 885 685 549 75 940 282 838 350 875 785 427 815 890 185 921 523 382 905 105 639 595 37 551 895 943 527 579 325 290 496 400 486 709 880 488 556 668 543 809 175 965 38 252 989 296 108 221 333 67 230 978 169 861 593 587 79 372 834 232 819 32 541 13 509 262 235 281 616 799 26 338 652 43 212 538 656 456 206 65 398 994 475 887 630 383 123 621 267 870 765 187 470 968 516 122 941 574 70 379 362 458 669 73 659 68 813 913 489 976 330 482 557 663 247 445 640 825 46 908 729 139 126 999 428 883 851 955 744 404 389 757 518 795 949 3 700 345 201 239 856 357 31 119 836 449 414 298 607 268 209 34 513 54 80 605 802
320
266 275 144 182 31 304 162 295 29 116 280 105 127 116 238 304 135 298 100 177 116 51 277 250 62 45 73 132 194 217 151 170 297 57 222 118 243 191 9 316 284 54 91 201 117 263 189 117 33 312 239 273 130 173 293 237 113 266 305 177 21 73 197 12 234 246 242 2 236 97 165 146 86 186 230 283 61 209 122 240 223 88 199 30 42 155 300 154 38 287 66 49 262 160 119 15 169 166 156 51 56 301 64 149 252 70 316 181 203 295 302 98 186 312 126 164 311 286 59 73 108 71 5 131 103 201 232 61 245 315 314 207 19 66 79 235 269 32 196 260 312 68 245 218 63 156 244 299 241 109 75 127 178 103 263 303 39 119 153 279 134 190 237 144 76 139 220 126 142 26 262 40 291 248 98 153 80 242 34 28 221 294 273 244 202 109 40 2 92 160 261 126 43 271 99 282 255 41 138 36 309 248 224 304 295 193 137 264 254 88 267 274 19 268 271 229 225 69 209 251 296 193 192 72 167 302 290 253 247 102 189 88 196 81 199 180 222 130 1 317 179 148 205 290 235 228 114 212 158 163 231 264 214 31 60 39 291 16 247 203 84 255 249 107 134 310 36 175 202 81 90 277 11 128 19 52 300 150 121 247 13 250 16 65 298 319 121 78 269 111 104 267 277 4 124 211 226 248 37 106 153 89 42 73 17 252 169 6 171 55 276 129 156 209 281 96 198 275 256 80
3
2 3 1
231
32 192 4 5 4 78 53 4 17 161 72 182 167 23 114 90 77 210 66 169 3 197 138 177 59 17 170 31 225 31 30 112 53 16 23 33 170 65 70 108 144 196 25 122 138 167 121 59 61 212 28 164 227 114 33 99 212 173 168 194 91 204 164 77 230 213 176 41 68 95 2 211 46 229 113 201 111 164 40 161 133 104 90 201 210 58 13 229 188 102 126 17 13 97 6 47 112 72 48 87 30 201 119 170 112 168 216 64 62 11 17 97 123 26 194 11 162 213 46 185 37 146 28 94 180 49 6 105 173 205 112 85 208 209 94 93 116 14 178 62 205 175 35 46 131 122 218 229 56 39 22 81 152 144 176 173 149 75 147 217 155 71 52 214 223 161 125 199 17 82 82 125 126 24 122 8 82 24 88 105 157 224 220 33 72 198 143 200 124 94 194 117 107 132 152 84 198 94 101 136 5 225 134 210 214 198 136 67 198 109 61 155 106 122 212 132 218 221 155 161 218 104 44 71 229 50 55 44 152 204 55
10
9 10 2 1 2 2 2 6 5 2
10
9 3 2 2 7 4 1 4 6 8
400
285 250 81 8 17 74 24 262 364 313 316 145 289 185 50 309 57 88 67 382 169 44 98 166 39 27 342 254 52 347 216 108 256 318 143 399 139 360 91 371 343 104 374 274 16 224 206 227 173 35 345 70 73 96 153 106 79 34 154 85 136 204 120 346 36 306 180 55 350 102 321 258 368 283 151 195 328 223 116 131 6 138 182 178 59 231 11 126 276 379 161 165 83 207 230 315 100 282 220 388 377 324 158 271 183 275 40 291 155 257 168 192 23 363 331 240 338 114 369 162 365 147 359 38 233 130 353 56 292 212 37 107 314 41 66 297 60 137 62 105 211 383 393 317 394 193 75 146 205 64 357 245 214 349 320 389 12 299 194 51 333 80 395 384 14 290 277 78 125 26 87 249 307 300 396 268 10 69 267 208 20 202 48 191 76 294 159 296 219 148 375 303 213 335 33 144 25 111 385 167 47 97 134 3 273 203 358 278 326 142 7 372 94 259 325 4 152 348 280 304 270 253 255 5 31 157 284 272 302 46 330 149 170 252 329 351 22 281 1 322 103 269 234 390 128 42 362 341 248 84 186 232 373 32 196 181 13 171 119 118 89 397 398 92 239 188 265 391 63 295 63 222 238 352 110 319 30 312 135 386 77 226 28 286 121 266 141 172 251 310 122 327 90 243 288 19 45 370 53 86 340 361 117 344 260 187 184 29 247 197 263 337 65 164 132 198 133 82 215 236 190 123 127 356 387 235 323 269 2 95 179 49 99 332 21 68 101 160 221 43 113 109 177 228 367 293 163 339 264 58 336 150 93 287 112 376 72 279 241 156 305 199 124 176 366 311 18 218 210 354 355 229 54 242 261 61 129 174 140 237 298 71 225 308 201 400 301 244 334 209 200 217 189 246 175 392 115 381 380 9
995
691 281 976 546 246 544 94 410 293 891 108 911 664 934 388 307 504 846 683 146 691 311 977 435 285 831 745 392 140 368 512 672 168 824 88 971 171 861 395 565 523 70 849 818 916 776 863 603 692 418 808 8 94 197 67 125 53 790 892 482 527 111 508 81 345 447 859 379 240 74 909 433 69 766 461 679 213 291 382 778 706 437 182 896 35 653 771 543 454 659 743 311 884 540 132 346 693 815 168 666 748 400 983 987 417 91 257 532 421 186 582 444 160 510 63 789 598 344 34 915 43 805 993 780 973 183 699 917 842 583 862 931 255 46 630 533 342 124 774 212 708 157 299 185 52 832 743 553 12 445 204 704 95 209 843 419 818 244 112 673 507 740 470 178 488 637 542 316 226 935 257 380 939 932 166 835 651 783 278 253 347 574 621 826 764 792 846 357 991 483 594 871 428 555 646 948 135 806 326 74 324 638 265 398 38 37 780 404 229 219 23 590 199 307 699 829 441 50 665 68 287 495 79 890 845 16 790 610 525 362 399 141 80 608 921 591 741 851 30 216 717 298 675 12 175 145 641 975 217 41 863 343 934 710 192 764 171 946 952 69 172 244 58 781 830 240 613 581 314 517 212 4 228 950 333 427 708 907 342 823 730 779 678 392 850 114 61 444 269 280 256 48 339 787 978 904 493 242 406 336 614 188 818 969 978 472 214 651 410 939 746 557 78 921 707 124 780 681 202 790 764 541 457 360 164 834 979 77 466 22 176 669 448 17 372 756 966 882 866 389 248 807 453 818 86 9 71 267 851 670 760 409 805 190 620 756 66 682 616 714 677 338 968 52 925 804 845 268 716 911 422 103 216 839 919 689 929 131 420 635 39 593 318 177 728 150 731 116 677 762 304 367 596 116 363 785 760 62 570 220 897 597 328 959 916 841 12 912 795 24 460 258 805 732 461 540 625 777 214 1 733 98 413 180 759 922 608 411 123 818 497 844 42 160 532 775 828 552 242 128 341 963 269 104 19 30 167 902 424 415 485 836 538 473 617 222 325 216 352 425 744 797 509 298 571 595 955 829 667 233 797 750 665 524 285 603 938 155 735 378 494 856 490 712 964 44 753 184 383 549 514 329 32 366 936 29 784 509 106 696 951 538 782 568 739 353 700 89 721 84 496 211 90 304 739 232 119 645 885 803 995 566 606 110 840 189 770 960 341 659 76 108 638 319 666 412 913 359 449 94 300 254 82 893 952 954 881 934 97 303 820 932 169 278 446 786 414 485 123 246 883 237 333 516 330 13 311 576 732 152 230 840 765 332 857 690 436 418 794 622 599 768 831 221 727 422 121 210 569 895 860 567 962 46 286 247 224 992 156 774 655 520 33 313 128 720 58 291 713 759 255 126 824 662 165 697 159 953 354 257 175 918 251 113 109 58 716 283 263 105 51 31 972 290 556 280 197 627 347 259 436 675 668 83 509 755 1 55 619 386 306 397 906 735 55 350 550 85 331 659 129 715 270 142 219 518 235 807 974 394 633 536 982 685 811 900 475 480 372 424 796 813 511 800 302 26 831 694 217 102 265 773 819 335 503 39 874 891 718 275 396 120 875 943 296 761 662 981 663 650 671 260 173 360 585 369 654 609 666 469 422 886 626 500 305 201 452 933 364 898 348 60 558 246 920 705 179 141 227 664 385 553 468 106 563 36 272 403 180 914 329 903 83 65 387 888 205 752 671 393 838 156 923 289 317 11 869 118 143 535 522 733 984 663 737 868 917 927 701 317 956 674 57 971 754 817 699 292 170 227 64 825 343 944 780 208 521 562 644 561 261 34 540 784 791 464 49 965 30 837 90 334 494 594 702 301 649 344 375 726 769 773 408 34 429 886 332 402 216 695 551 148 612 562 928 937 703 928 422 456 573 918 334 231 153 290 987 888 383 6 139 176 880 225 856 384 632 117 620 629 38 440 127 214 310 381 564 284 43 259 658 922 501 631 587 102 938 72 652 843 639 684 155 125 924 757 913 505 882 624 602 729 369 358 816 467 115 376 415 709 593 865 552 297 646 474 405 824 261 807 976 548 579 547 442 526 777 539 96 206 314 236 751 584 929 202 598 838 655 324 611 806 810 253 714 193 844 644 310 688 525 241 519 154 647 163 758 994 758 698 40 218 350 602 79 857 932 302 668 707 481 191 833 879 455 925 416 101 2 439 36 990 136 861 537 978 736 588 988 493 970 282 465 940 487 237 264 192 96 589 763 491 793 484 870
10
8 8 4 10 9 8 6 9 2 2
10
8 8 10 5 4 10 1 9 8 5
873
696 871 300 122 489 523 129 125 640 661 378 60 552 29 579 572 119 321 645 722 112 212 662 7 50 699 707 372 516 580 751 53 745 657 719 496 823 569 105 278 736 472 133 316 409 209 424 410 743 723 240 43 32 277 190 184 537 607 833 840 210 623 222 284 156 843 825 652 148 20 502 809 68 36 127 437 725 497 525 638 413 79 297 231 533 614 427 681 595 819 563 177 821 160 856 484 202 102 347 398 233 33 14 697 518 634 193 512 752 583 488 509 301 245 2 191 97 444 453 685 337 188 455 425 124 201 361 639 540 780 461 236 582 248 549 855 310 407 115 385 186 226 392 806 354 873 578 252 292 162 15 660 247 7 541 724 805 205 206 845 357 34 290 41 377 492 200 560 302 602 147 101 106 419 624 270 667 787 438 656 802 726 734 368 151 603 131 691 585 655 272 658 323 599 134 255 196 51 181 484 504 423 54 454 84 334 695 442 613 521 146 266 74 259 47 86 514 312 756 566 482 548 28 397 386 175 700 189 831 17 256 198 781 669 257 812 858 339 491 799 163 216 152 544 117 82 286 727 555 85 511 219 345 666 775 130 633 680 679 400 672 96 807 676 99 426 402 328 21 801 827 203 490 688 758 868 774 78 59 520 507 834 704 690 841 309 403 263 237 90 330 44 23 797 75 343 754 871 77 165 755 113 570 741 435 350 765 405 508 554 83 142 149 25 670 55 31 460 155 513 136 469 633 446 631 593 62 616 367 553 37 498 388 838 493 600 11 325 338 99 702 543 304 749 710 608 182 287 230 215 32 179 414 221 712 854 393 159 459 659 139 606 246 722 380 763 753 506 104 373 481 629 3 91 49 381 596 140 803 584 296 441 644 211 678 625 271 859 844 404 590 724 477 593 804 790 630 351 708 793 574 332 24 326 567 433 598 126 709 866 346 550 458 135 594 501 352 637 432 742 150 443 703 832 836 648 394 88 108 784 515 730 542 391 820 308 556 207 363 369 366 224 430 261 813 5 8 9 861 383 111 355 254 505 93 729 759 220 208 617 486 864 620 468 333 431 18 265 412 390 740 1 157 564 532 769 767 527 526 846 546 291 137 72 451 281 10 379 428 195 399 145 565 651 73 851 772 298 318 664 285 61 641 374 143 275 811 503 643 561 778 462 382 714 738 154 52 467 814 42 612 408 92 178 169 132 123 530 587 107 626 67 750 336 35 39 568 517 223 260 116 218 673 335 611 839 395 170 618 671 449 401 232 251 842 204 766 689 818 647 711 674 358 770 13 276 161 789 586 384 264 748 683 67 214 475 777 524 867 810 213 253 800 828 420 249 197 591 665 58 499 422 535 329 447 478 100 53 480 153 538 471 463 38 340 619 731 295 675 577 476 183 306 534 365 857 16 456 862 168 416 267 773 863 694 288 610 154 684 776 621 421 3 782 784 109 576 315 531 487 227 668 234 293 331 340 217 341 164 739 173 536 698 30 747 121 176 746 592 65 445 370 783 174 830 779 663 826 728 317 470 185 837 374 141 682 519 241 798 808 762 353 172 500 166 785 411 303 757 677 375 733 436 539 795 415 597 761 95 313 653 850 559 815 120 283 448 87 483 782 713 359 200 235 705 692 171 794 715 849 547 227 244 269 763 788 581 732 721 573 258 238 81 429 816 615 628 103 869 128 344 110 494 56 825 27 63 558 835 158 307 737 510 144 118 575 98 545 824 314 239 852 151 280 243 632 289 322 22 706 138 701 710 562 229 636 4 605 348 167 6 64 635 694 796 376 646 434 649 466 609 529 19 80 601 522 26 465 199 717 829 817 504 693 450 396 70 66 557 319 440 46 687 735 342 69 860 305 364 855 791 392 311 324 457 495 294 225 250 792 464 320 356 822 360 48 528 71 349 282 76 768 45 479 262 473 870 589 242 192 299 760 194 362 436 686 114 642 327 326 771 551 12 485 180 418 847 622 274 389 341 273 94
200
106 123 102 196 14 93 194 110 97 145 35 198 92 158 56 172 183 162 51 87 32 179 4 187 196 136 166 33 160 110 80 179 57 132 139 147 190 23 49 22 180 44 20 28 111 70 12 127 177 186 48 110 16 111 64 67 39 80 4 185 31 77 88 128 122 191 68 47 134 5 167 67 41 155 151 148 19 10 94 5 19 113 104 11 30 50 7 120 174 103 99 175 176 40 100 116 189 13 45 121 38 1 71 130 108 169 96 137 28 50 140 192 184 6 178 193 69 75 51 29 61 63 101 78 124 196 98 62 36 73 195 166 37 107 28 154 146 27 112 60 175 85 133 114 30 84 55 159 193 183 26 191 48 53 83 31 152 72 97 2 82 115 68 90 20 95 78 21 148 176 157 102 59 165 188 24 74 103 136 143 119 137 21 105 82 34 17 162 89 117 144 79 91 65 33 171 88 118 9 107
571
176 536 474 19 360 503 156 254 135 237 172 200 356 179 321 145 16 262 438 1 306 11 247 502 427 498 493 348 49 284 323 116 114 214 327 139 69 80 540 332 55 391 276 48 430 209 477 216 29 459 298 143 26 357 468 160 443 369 281 168 272 82 407 473 382 31 27 278 149 467 96 105 102 405 494 367 479 569 227 8 353 198 25 174 412 125 565 511 425 268 39 500 495 345 292 317 371 287 56 441 108 202 277 379 449 23 224 564 302 123 525 226 245 106 12 163 389 301 554 251 173 453 309 556 543 517 185 436 519 296 310 422 288 242 428 570 335 250 36 68 2 264 97 521 350 490 487 121 212 166 155 528 456 482 340 238 484 334 203 177 501 457 418 130 378 560 558 401 452 256 406 127 161 486 265 3 341 504 269 322 195 65 549 273 396 71 542 235 527 60 432 563 205 532 404 57 271 433 225 526 447 230 530 390 162 454 381 118 183 266 41 331 429 232 213 414 24 308 199 279 399 324 470 244 181 107 10 491 385 233 138 42 46 372 515 52 152 567 18 358 280 103 463 109 113 146 408 158 28 304 397 465 497 261 403 192 365 67 84 157 53 239 99 300 175 187 440 228 529 499 339 461 478 5 81 63 344 21 455 469 475 509 338 541 243 402 98 215 171 188 194 274 59 524 34 555 85 22 132 37 64 72 313 546 291 184 375 416 134 170 45 153 47 464 492 544 186 7 409 328 120 180 316 87 314 351 289 370 78 252 142 267 386 505 512 349 206 336 197 151 325 566 330 144 481 364 122 285 506 263 326 259 275 207 32 255 210 329 466 297 77 217 417 346 136 44 548 196 221 446 444 431 76 260 421 507 66 571 236 148 445 361 305 54 539 496 253 523 373 35 377 434 294 362 439 51 448 83 476 165 190 286 182 376 133 50 15 33 111 312 62 193 246 366 451 522 363 189 241 347 307 282 201 129 240 126 552 159 568 311 112 124 435 520 513 128 104 4 257 488 508 471 368 437 424 320 88 43 234 299 561 74 413 337 147 535 95 343 204 92 510 359 392 17 223 462 218 211 14 387 442 395 533 208 258 58 303 30 13 231 94 333 150 374 6 352 220 169 315 420 222 79 293 537 93 380 458 38 545 419 154 394 483 191 248 518 219 100 450 61 423 388 411 410 557 229 140 283 164 249 110 70 137 342 559 91 355 489 460 9 354 383 20 90 514 40 86 178 516 115 426 384 75 295 270 480 551 167 550 73 534 398 290 393 531 538 553 117 319 485 318 415 101 131 547 119 562 89 141 472 400
50
42 29 32 11 43 5 18 21 42 30 41 27 48 9 50 39 21 17 40 1 6 24 1 7 43 11 34 2 33 50 48 20 6 24 50 48 9 11 14 2 26 47 22 21 16 35 7 10 2 2
59
55 15 23 36 26 18 20 4 34 25 14 42 30 52 10 27 21 13 38 54 3 58 29 46 59 8 7 53 7 3 40 41 24 8 23 34 54 1 55 22 50 44 9 57 17 5 21 49 12 51 19 33 2 18 19 27 43 32 39
50
20 29 11 3 2 29 32 44 33 37 41 9 28 19 18 21 8 9 27 17 33 12 43 33 36 27 35 5 10 2 41 31 48 18 20 14 4 48 25 36 4 36 8 9 1 42 9 8 1 24
20
8 10 7 12 10 20 13 7 10 13 7 20 7 13 6 3 20 17 14 2
1000
124 899 908 90 464 41 173 391 509 612 500 651 703 923 836 39 672 174 938 98 62 274 528 728 932 730 100 517 207 997 502 864 467 210 249 46 364 150 893 474 6 834 132 383 604 683 663 653 340 233 645 745 879 945 52 664 574 946 298 293 322 21 260 419 231 592 751 322 926 793 158 848 908 563 447 191 194 983 825 382 582 103 971 777 185 576 160 1 861 4 324 606 551 569 611 298 221 20 298 27 735 639 998 263 289 223 623 510 776 903 792 328 107 146 922 941 890 665 308 965 217 848 459 643 710 545 971 325 614 536 595 43 633 44 314 359 578 505 401 252 785 420 622 810 715 114 258 832 777 103 853 895 791 862 697 685 392 366 356 130 386 266 993 692 235 570 234 537 332 242 577 13 899 466 984 107 927 812 83 197 441 335 970 430 389 782 113 453 469 440 76 726 801 785 280 634 180 985 297 595 260 182 916 846 588 640 29 481 38 223 712 484 721 217 982 705 510 919 148 406 478 3 728 229 733 358 937 778 891 878 134 216 50 527 165 398 128 543 34 819 382 372 490 788 526 194 7 668 35 471 944 140 402 456 188 485 40 614 497 416 321 739 603 458 845 162 745 899 996 247 518 134 116 612 742 478 959 255 52 195 929 69 889 450 353 320 282 61 105 885 444 661 60 172 748 717 199 258 557 843 435 948 919 713 898 267 800 130 682 783 619 862 886 745 104 822 491 288 93 286 614 258 486 463 209 680 393 112 160 732 10 169 503 338 982 571 840 334 527 538 348 883 573 288 965 702 603 341 308 770 282 833 285 444 675 159 698 226 978 765 637 387 722 37 288 719 788 52 593 698 258 893 818 603 452 918 799 324 411 257 542 720 848 844 455 161 557 988 242 681 8 157 327 130 113 38 846 470 666 785 683 253 36 568 565 390 1000 795 424 701 379 671 52 367 615 96 13 888 64 142 18 719 521 409 427 298 425 513 700 184 614 472 583 566 301 646 849 647 881 190 181 787 707 551 683 716 75 858 642 284 813 375 614 785 385 254 454 264 535 964 359 206 680 5 97 592 33 925 488 926 893 69 654 84 994 82 36 276 807 522 370 620 120 212 256 323 618 551 608 243 681 145 756 973 971 720 104 497 846 11 631 31 333 942 138 397 306 38 9 324 564 371 428 174 950 217 28 271 777 524 788 480 594 520 707 245 633 23 796 365 77 972 951 689 475 880 168 394 579 597 189 561 238 854 126 274 403 617 781 987 920 585 786 910 22 902 514 630 759 747 216 655 209 511 258 434 476 404 123 166 336 850 343 57 344 306 481 137 539 1000 559 81 454 816 552 113 217 205 873 842 826 899 477 523 525 929 540 764 961 63 644 761 136 45 688 92 91 489 214 471 95 299 339 569 415 969 548 487 432 482 317 143 661 804 744 908 66 512 214 558 158 679 951 196 753 758 361 714 102 876 474 449 593 601 51 436 438 871 857 974 12 674 48 473 562 938 752 362 413 740 567 790 49 992 118 399 355 248 686 684 116 17 603 182 470 273 453 766 632 274 704 309 719 670 156 669 976 605 534 232 981 164 711 980 915 831 155 1000 206 429 410 346 431 247 780 463 303 971 405 125 693 211 519 638 38 446 296 119 733 202 213 229 892 968 954 192 372 337 775 26 975 330 643 187 475 224 145 828 262 660 832 481 720 625 943 1000 234 295 462 979 67 657 635 859 641 405 963 636 314 19 298 172 681 598 360 678 104 476 847 350 624 347 496 423 729 109 939 228 69 465 549 186 310 815 129 553 923 829 18 662 153 111 70 663 408 529 335 158 377 307 193 383 773 171 412 852 479 839 46 144 88 178 451 728 784 584 38 47 240 581 135 316 443 760 79 591 986 738 773 924 696 329 352 42 967 15 901 868 403 838 814 590 300 384 265 128 769 780 437 572 272 806 151 544 882 931 649 448 754 952 459 965 741 991 80 84 866 640 275 934 648 359 589 962 675 200 735 230 53 325 439 855 342 340 290 313 255 418 283 117 73 723 768 907 152 319 673 305 705 761 837 344 110 345 914 913 894 575 771 554 130 122 906 905 695 203 19 619 209 955 911 115 268 830 1000 957 177 957 861 966 856 25 832 870 947 756 227 880 121 3 149 504 170 251 54 58 935 302 200 515 832 860 652 725 953 432 768 469 277 80 599 874 757 460 232 930 835 724 616 183 368 532 494 650 731 687 121 940 750 694 691 104 78 175 198 919 550 388 704 104 989 337 163 74 627 261 120 477 541 56
20
13 6 14 9 15 14 20 10 14 2 20 11 19 10 10 17 1 8 18 12
10
7 5 9 5 7 1 6 7 4 3
